Robot 0
1 0.5 0 0 0 0 0 0
0.983438 0.5 0 0 -0.309739 -0.165616 -0.309739 0.1
0.969225 0.504549 0 0 0.568027 -0.149238 0.568027 0.1
1.01196 0.531825 1.19346e+243 5.99918e-310 0.929808 0.507023 0.929808 0.1
1.04228 0.572463 0 0 0.929808 0.507023 0.929808 0.1
1.0726 0.613101 0 0 0.929808 0.507023 0.929808 0.1
1.10292 0.65374 0 0 0.929808 0.507023 0.929808 0.1
1.13324 0.694378 0 0 0.929808 0.507023 0.929808 0.1
1.15318 0.721102 0 0 0.947131 0.333428 0.947131 0.1
1.19714 0.782204 0 0 0.929219 0.752728 0.929219 0.1
1.24111 0.841071 0 0 0.865395 0.734779 0.865395 0.1
1.26602 0.870319 0 0 0.925141 0.384155 0.925141 0.1
1.26645 0.870882 0 0 0.625652 0.00704646 0.625652 0.1
1.30407 0.898062 0 0 0.0520435 0.464114 0.0520435 0.1
1.32337 0.899067 0 0 0.434061 0.193299 0.434061 0.1
1.31075 0.893216 0 0 0.124733 -0.139125 0.124733 0.1
1.40455 0.904977 0 0 -0.922738 0.945345 -0.922738 0.1
1.425 0.877967 0 0 0.936315 0.338794 0.936315 0.1
1.47963 0.952189 0 0 -0.595623 0.92158 -0.595623 0.1
1.44764 0.973866 0 0 0.17424 -0.386384 0.17424 0.1
1.47455 0.978602 0 0 -0.98834 0.273222 -0.98834 0.1
1.49755 0.943684 0 0 0.981386 0.41813 0.981386 0.1
1.52341 0.982359 0 0 0.91994 0.465253 0.91994 0.1
1.58323 1.0609 0 0 0.0996372 0.987244 0.0996372 0.1
1.64429 1.06701 0 0 -0.251312 0.613737 -0.251312 0.1
1.71866 1.04791 0 0 0.0286086 0.767721 0.0286086 0.1
1.73669 1.04843 0 0 0.281704 0.180395 0.281704 0.1
1.80952 1.06951 0 0 -0.937623 0.758232 -0.937623 0.1
1.86479 0.994209 0 0 0.789848 0.934064 0.789848 0.1
1.92168 1.05161 0 0 0.989717 0.808184 0.989717 0.1
1.966 1.11909 0 0 -0.904541 0.807316 -0.904541 0.1
1.93283 1.16128 0 0 0.997678 -0.536692 0.997678 0.1
1.97533 1.22713 0 0 -0.755968 0.783758 -0.755968 0.1
2.04548 1.161 0 0 0.516007 0.964119 0.516007 0.1
2.12431 1.20572 0 0 -0.869753 0.906315 -0.869753 0.1
2.17039 1.15113 0 0 0.881924 0.714359 0.881924 0.1
2.22001 1.21138 0 0 -0.791216 0.780569 -0.791216 0.1
2.28952 1.14105 0 0 0.25312 0.988872 0.25312 0.1
2.37763 1.16384 0 0 -0.160894 0.910087 -0.160894 0.1
2.47298 1.14837 0 0 0.709963 0.965972 0.709963 0.1
2.47071 1.14642 0 0 0.967653 -0.0298994 0.967653 0.1
2.48412 1.16589 0 0 -0.76845 0.236414 -0.76845 0.1
2.53397 1.1177 0 0 -0.925594 0.693345 -0.925594 0.1
2.53968 1.11013 0 0 0.981505 0.0948245 0.981505 0.1
2.59085 1.18668 0 0 -0.968841 0.920822 -0.968841 0.1
2.60372 1.16795 0 0 0.949635 0.227201 0.949635 0.1
2.65997 1.24656 0 0 -0.107688 0.966611 -0.107688 0.1
2.75701 1.23606 0 0 -0.984833 0.976078 -0.984833 0.1
2.73188 1.27393 0 0 0.223611 -0.454469 0.223611 0.1
2.81286 1.29235 0 0 -0.605276 0.830453 -0.605276 0.1
2.85786 1.26121 0 0 -0.252699 0.547236 -0.252699 0.1
2.85011 1.26321 0 0 0.931777 -0.0800627 0.931777 0.1
2.89316 1.32115 0 0 0.927149 0.72183 0.927149 0.1
2.95105 1.39832 0 0 -0.484467 0.964717 -0.484467 0.1
2.97367 1.38642 0 0 0.998586 0.255515 0.998586 0.1
2.99409 1.41813 0 0 -0.888459 0.377175 -0.888459 0.1
2.99181 1.42094 0 0 0.885919 -0.0362032 0.885919 0.1
2.98485 1.41242 0 0 -0.984959 -0.109981 -0.984959 0.1
3.00931 1.37555 0 0 0.344257 0.442466 0.344257 0.1
3.08835 1.40389 0 0 -0.549803 0.839596 -0.549803 0.1
3.1581 1.36114 0 0 0.339276 0.81815 0.339276 0.1
3.21053 1.37964 0 0 -0.246373 0.555912 -0.246373 0.1
3.20301 1.38153 0 0 0.105256 -0.0774895 0.105256 0.1
3.2869 1.39039 0 0 -0.0293902 0.843567 -0.0293902 0.1
3.35655 1.38834 0 0 0.424408 0.696831 0.424408 0.1
3.43931 1.42574 0 0 -0.515685 0.908079 -0.515685 0.1
3.51511 1.38277 0 0 0.755197 0.871351 0.755197 0.1
3.53377 1.40033 0 0 -0.470365 0.256242 -0.470365 0.1
3.59396 1.36973 0 0 -0.513184 0.675236 -0.513184 0.1
3.62391 1.35285 0 0 -0.267631 0.343839 -0.267631 0.1
3.6036 1.35842 0 0 -0.893927 -0.210615 -0.893927 0.1
3.65465 1.29488 0 0 -0.998086 0.815036 -0.998086 0.1
3.6899 1.24022 0 0 0.879017 0.650451 0.879017 0.1
3.71318 1.26832 0 0 0.389123 0.364985 0.389123 0.1
3.68972 1.2587 0 0 0.963366 -0.253559 0.963366 0.1
3.73984 1.33081 0 0 0.782716 0.878093 0.782716 0.1
3.80173 1.39237 0 0 -0.307363 0.872982 -0.307363 0.1
3.85636 1.37503 0 0 0.924638 0.573127 0.924638 0.1
3.91531 1.45319 0 0 0.201652 0.978988 0.201652 0.1
3.97076 1.46453 0 0 -0.328115 0.565939 -0.328115 0.1
4.05261 1.43666 0 0 0.89576 0.864679 0.89576 0.1
4.04689 1.42952 0 0 -0.947729 -0.0915423 -0.947729 0.1
4.05391 1.41975 0 0 0.497129 0.120258 0.497129 0.1
4.09218 1.44052 0 0 -0.956272 0.435485 -0.956272 0.1
4.13339 1.38213 0 0 -0.53324 0.714624 -0.53324 0.1
4.20085 1.34231 0 0 -0.336663 0.783422 -0.336663 0.1
4.27197 1.31742 0 0 0.9592 0.753445 0.9592 0.1
4.3211 1.38748 0 0 0.937688 0.85574 0.937688 0.1
4.33396 1.405 0 0 0.967493 0.21733 0.967493 0.1
4.33539 1.40707 0 0 -0.489294 0.0251121 -0.489294 0.1
4.41635 1.36396 0 0 0.841734 0.917283 0.841734 0.1
4.38659 1.33064 0 0 0.91457 -0.446761 0.91457 0.1
4.43089 1.38816 0 0 -0.41585 0.72606 -0.41585 0.1
4.49103 1.3616 0 0 0.794183 0.65743 0.794183 0.1
4.51394 1.38492 0 0 0.836951 0.326861 0.836951 0.1
4.49723 1.36639 0 0 0.989154 -0.249471 0.989154 0.1
4.51287 1.39017 0 0 -0.810044 0.284613 -0.810044 0.1
4.5593 1.34139 0 0 0.974694 0.673479 0.974694 0.1
4.59356 1.39189 0 0 0.98372 0.61021 0.98372 0.1
4.60863 1.41454 0 0 0.197466 0.272006 0.197466 0.1
4.67979 1.42877 0 0 -0.506826 0.725758 -0.506826 0.1
4.69203 1.42198 0 0 0.41212 0.139993 0.41212 0.1
4.73937 1.44268 0 0 0.247037 0.516692 0.247037 0.1
4.82136 1.46335 0 0 -0.205051 0.845505 -0.205051 0.1
4.78319 1.47129 0 0 -0.332008 -0.389808 -0.332008 0.1
4.86636 1.44262 0 0 -0.245529 0.879677 -0.245529 0.1
4.91521 1.43037 0 0 0.974659 0.503681 0.974659 0.1
4.8936 1.39851 0 0 0.3219 -0.385063 0.3219 0.1
4.98747 1.42981 0 0 0.0705816 0.989531 0.0705816 0.1
5.0394 1.43349 0 0 0.477106 0.520653 0.477106 0.1
5.10239 1.46605 0 0 -0.400503 0.709061 -0.400503 0.1
5.13003 1.45434 0 0 0.462426 0.300154 0.462426 0.1
5.11503 1.44687 0 0 0.00966061 -0.167641 0.00966061 0.1
5.19705 1.44766 0 0 0.440903 0.820281 0.440903 0.1
5.25527 1.47513 0 0 -0.20354 0.643739 -0.20354 0.1
5.27786 1.47047 0 0 0.146892 0.230654 0.146892 0.1
5.3289 1.47802 0 0 -0.0639343 0.516034 -0.0639343 0.1
5.35461 1.47637 0 0 0.0153144 0.25759 0.0153144 0.1
5.4147 1.47729 0 0 -0.322176 0.600936 -0.322176 0.1
5.49197 1.4515 0 0 0.564401 0.814589 0.564401 0.1
5.48629 1.44791 0 0 0.213001 -0.0672212 0.213001 0.1
5.57925 1.46801 0 0 -0.325304 0.951157 -0.325304 0.1
5.64815 1.44477 0 0 -0.761875 0.727151 -0.761875 0.1
5.71796 1.37818 0 0 -0.306631 0.964768 -0.306631 0.1
5.67474 1.39186 0 0 0.952577 -0.453333 0.952577 0.1
5.7125 1.44496 0 0 -0.63773 0.651559 -0.63773 0.1
5.7864 1.3902 0 0 0.931618 0.919748 0.931618 0.1
5.79782 1.40557 0 0 0.969551 0.191458 0.969551 0.1
5.8302 1.45277 0 0 -0.115249 0.572405 -0.115249 0.1
5.88905 1.44595 0 0 -0.985824 0.592451 -0.985824 0.1
5.89689 1.43413 0 0 0.925035 0.141865 0.925035 0.1
5.90041 1.4388 0 0 0.455273 0.0585653 0.455273 0.1
5.96256 1.46923 0 0 -0.117245 0.692022 -0.117245 0.1
6.03839 1.4603 0 0 -0.272456 0.763462 -0.272456 0.1
6.07151 1.45105 0 0 0.452356 0.343949 0.452356 0.1
6.05452 1.44279 0 0 -0.544961 -0.188936 -0.544961 0.1
6.08332 1.42533 0 0 0.913271 0.336854 0.913271 0.1
6.06583 1.40267 0 0 -0.440307 -0.286306 -0.440307 0.1
6.14515 1.36529 0 0 -0.968395 0.876836 -0.968395 0.1
6.15486 1.35117 0 0 0.967407 0.171447 0.967407 0.1
6.21049 1.43189 0 0 0.661944 0.980399 0.661944 0.1
6.19612 1.42069 0 0 0.0261434 -0.182233 0.0261434 0.1
6.2934 1.42324 0 0 0.308011 0.973159 0.308011 0.1
6.31811 1.4311 0 0 0.855674 0.259306 0.855674 0.1
6.28433 1.3922 0 0 0.962772 -0.515212 0.962772 0.1
6.31797 1.44054 0 0 -0.834163 0.588981 -0.834163 0.1
6.36842 1.38492 0 0 0.995241 0.750944 0.995241 0.1
6.41255 1.45293 0 0 -0.585803 0.81074 -0.585803 0.1
6.45523 1.42461 0 0 0.979835 0.512171 0.979835 0.1
6.47343 1.45174 0 0 -0.979912 0.326655 -0.979912 0.1
6.49021 1.42672 0 0 0.158703 0.301216 0.158703 0.1
6.5452 1.43552 0 0 -0.549083 0.556946 -0.549083 0.1
6.52295 1.44914 0 0 -0.351215 -0.26093 -0.351215 0.1
6.5939 1.42315 0 0 -0.721269 0.755612 -0.721269 0.1
6.66306 1.36233 0 0 0.939254 0.921069 0.939254 0.1
6.71011 1.42664 0 0 0.874854 0.796822 0.874854 0.1
6.7176 1.43561 0 0 -0.311065 0.116858 -0.311065 0.1
6.78373 1.41435 0 0 0.92614 0.694616 0.92614 0.1
6.77664 1.40491 0 0 0.506248 -0.118024 0.506248 0.1
6.80559 1.42097 0 0 -0.279599 0.331093 -0.279599 0.1
6.8853 1.39808 0 0 0.997061 0.829256 0.997061 0.1
6.92041 1.45242 0 0 -0.509207 0.646923 -0.509207 0.1
6.97904 1.41968 0 0 -0.863477 0.671501 -0.863477 0.1
7.02846 1.36188 0 0 0.682481 0.760485 0.682481 0.1
7.0861 1.40873 0 0 -0.575195 0.742803 -0.575195 0.1
7.12818 1.38145 0 0 -0.377152 0.501477 -0.377152 0.1
7.17056 1.36466 0 0 0.725619 0.455906 0.725619 0.1
7.19249 1.38411 0 0 0.860774 0.293105 0.860774 0.1
7.24831 1.44905 0 0 0.529605 0.856332 0.529605 0.1
7.27423 1.46422 0 0 0.242728 0.300337 0.242728 0.1
7.19051 1.44349 0 0 -0.9219 -0.862535 -0.9219 0.1
7.22554 1.39729 0 0 0.999658 0.579818 0.999658 0.1
7.27314 1.47136 0 0 -0.344402 0.880406 -0.344402 0.1
7.34084 1.44707 0 0 -0.690179 0.719298 -0.690179 0.1
7.38782 1.40828 0 0 -0.973593 0.609244 -0.973593 0.1
7.42245 1.35736 0 0 0.501557 0.615794 0.501557 0.1
7.46773 1.38219 0 0 0.997186 0.516342 0.997186 0.1
7.48361 1.40677 0 0 -0.798247 0.292714 -0.798247 0.1
7.52187 1.36752 0 0 -0.998639 0.548181 -0.998639 0.1
7.50044 1.4008 0 0 -0.982839 -0.395861 -0.982839 0.1
7.55471 1.31938 0 0 0.946516 0.978471 0.946516 0.1
7.53822 1.29649 0 0 -0.595745 -0.282104 -0.595745 0.1
7.58969 1.2616 0 0 -0.129195 0.621809 -0.129195 0.1
7.65847 1.25267 0 0 -0.961398 0.693596 -0.961398 0.1
7.71263 1.17508 0 0 0.205089 0.9462 0.205089 0.1
7.73223 1.17916 0 0 0.995267 0.200222 0.995267 0.1
7.7667 1.23228 0 0 -0.937511 0.633307 -0.937511 0.1
7.8073 1.17699 0 0 0.981241 0.686015 0.981241 0.1
7.84929 1.23976 0 0 -0.887353 0.755188 -0.887353 0.1
7.88622 1.1944 0 0 -0.405906 0.584868 -0.405906 0.1
7.87233 1.20038 0 0 0.930137 -0.151245 0.930137 0.1
7.89861 1.23563 0 0 0.942715 0.439702 0.942715 0.1
7.92488 1.27181 0 0 0.926073 0.447168 0.926073 0.1
7.98296 1.34905 0 0 -0.246782 0.966362 -0.246782 0.1
8.04592 1.33319 0 0 0.952396 0.649275 0.952396 0.1
8.09966 1.40873 0 0 0.768939 0.927065 0.768939 0.1
8.14267 1.45034 0 0 -0.455695 0.598411 -0.455695 0.1
8.14411 1.44963 0 0 -0.967629 0.016053 -0.967629 0.1
8.18611 1.38865 0 0 -0.978565 0.740476 -0.978565 0.1
8.2121 1.35002 0 0 0.893953 0.465596 0.893953 0.1
8.20134 1.33662 0 0 -0.944917 -0.171914 -0.944917 0.1
8.24021 1.28284 0 0 -0.291896 0.663606 -0.291896 0.1
8.27412 1.27265 0 0 -0.986902 0.354066 -0.986902 0.1
8.29819 1.23622 0 0 0.770323 0.436589 0.770323 0.1
8.26536 1.20437 0 0 0.0187812 -0.457403 0.0187812 0.1
8.34911 1.20594 0 0 -0.881708 0.837666 -0.881708 0.1
8.30529 1.25913 0 0 -0.97818 -0.689168 -0.97818 0.1
8.35227 1.18937 0 0 0.598158 0.841095 0.598158 0.1
8.38227 1.20981 0 0 0.896501 0.36304 0.896501 0.1
8.40746 1.24132 0 0 0.204547 0.403437 0.204547 0.1
8.46518 1.2533 0 0 0.949998 0.589519 0.949998 0.1
8.50165 1.30429 0 0 0.124892 0.626868 0.124892 0.1
8.57127 1.31303 0 0 0.867559 0.701732 0.867559 0.1
8.52597 1.25959 0 0 -0.647792 -0.700573 -0.647792 0.1
8.58059 1.21826 0 0 0.98447 0.684922 0.98447 0.1
8.52839 1.13968 0 0 0.427993 -0.943393 0.427993 0.1
8.48314 1.11904 0.526563 0.479579 -0.934177 -0.497349 -0.934177 0.1
8.52271 1.06552 0 0 0.973423 0.665623 0.973423 0.1
8.48734 1.01353 0 0 -0.979409 -0.628799 -0.979409 0.1
8.52134 0.962905 0 0 0.978837 0.609775 0.978837 0.1
8.46942 0.885688 0.627971 0.189252 -0.954804 -0.930492 -0.954804 0.1
8.48626 0.861896 0 0 -0.0465826 0.2915 -0.0465826 0.1
8.55211 0.858826 0 0 0.986693 0.659282 0.986693 0.1
8.50761 0.791495 0 0 -0.62217 -0.807118 -0.62217 0.1
8.5643 0.750837 0 0 0.694996 0.697638 0.694996 0.1
8.59863 0.779462 0 0 0.223474 0.447005 0.223474 0.1
Robot 1
1 3.5 0 0 0 0 0 0
1.03216 3.5 0 0 -0.956878 0.321557 -0.956878 0.1
1.08424 3.4261 0 0 0.996725 0.904145 0.996725 0.1
1.12571 3.49022 0 0 -0.317477 0.763681 -0.317477 0.1
1.15837 3.47949 0 0 0.0961571 0.343744 0.0961571 0.1
1.22354 3.48578 0 0 -0.67859 0.654678 -0.67859 0.1
1.28943 3.43265 0 0 0.794315 0.846414 0.794315 0.1
1.32248 3.4663 0 0 -0.00311151 0.471723 -0.00311151 0.1
1.24829 3.46653 0 0 0.925237 -0.741883 0.925237 0.1
1.28289 3.51246 0 0 0.389858 0.575022 0.389858 0.1
1.3583 3.54345 0 0 -0.547554 0.815308 -0.547554 0.1
1.43324 3.49775 0 0 -0.983315 0.877709 -0.983315 0.1
1.48511 3.41986 0 0 0.0920617 0.935786 0.0920617 0.1
1.58353 3.42895 0 0 -0.162485 0.988341 -0.162485 0.1
1.53071 3.43761 0 0 -0.972039 -0.535195 -0.972039 0.1
1.56077 3.39355 0 0 0.487773 0.533363 0.487773 0.1
1.64669 3.43913 0 0 -0.16717 0.972572 -0.16717 0.1
1.719 3.42693 0 0 -0.328841 0.733344 -0.328841 0.1
1.62799 3.45798 0 0 -0.993196 -0.961569 -0.993196 0.1
1.67604 3.38427 0 0 -0.939254 0.879878 -0.939254 0.1
1.67409 3.38693 0 0 -0.968599 -0.0330146 -0.968599 0.1
1.691 3.36233 0 0 -0.602483 0.298549 -0.602483 0.1
1.73188 3.33421 0 0 0.905254 0.496167 0.905254 0.1
1.673 3.25921 0 0 0.0246989 -0.953494 0.0246989 0.1
1.75778 3.26131 0 0 -0.858866 0.847982 -0.858866 0.1
1.80821 3.20286 0 0 -0.13357 0.771973 -0.13357 0.1
1.76761 3.20832 0 0 0.848316 -0.409638 0.848316 0.1
1.83225 3.28165 0 0 0.663335 0.977605 0.663335 0.1
1.8775 3.31701 0 0 0.923772 0.574197 0.923772 0.1
1.93588 3.39429 0 0 0.979675 0.968542 0.979675 0.1
1.98527 3.46787 0 0 0.715353 0.886167 0.715353 0.1
1.97365 3.45778 0 0 -0.946437 -0.153848 -0.946437 0.1
1.98565 3.44112 0 0 0.957502 0.205295 0.957502 0.1
2.02865 3.50221 0 0 0.966651 0.747008 0.966651 0.1
2.0793 3.57559 0 0 -0.802345 0.891612 -0.802345 0.1
2.10028 3.55388 0 0 0.994337 0.301933 0.994337 0.1
2.13441 3.60637 0 0 -0.368377 0.626176 -0.368377 0.1
2.16929 3.59291 0 0 -0.314672 0.373789 -0.314672 0.1
2.21135 3.57922 0 0 -0.197717 0.442374 -0.197717 0.1
2.23543 3.5744 0 0 0.957502 0.245619 0.957502 0.1
2.28094 3.63906 0 0 0.923246 0.790686 0.923246 0.1
2.27289 3.62841 0 0 -0.16549 -0.133553 -0.16549 0.1
2.34413 3.61651 0 0 0.99877 0.722309 0.99877 0.1
2.38111 3.67394 0 0 -0.787326 0.683128 -0.787326 0.1
2.37168 3.68341 0 0 -0.446421 -0.133609 -0.446421 0.1
2.38638 3.67638 0 0 -0.970231 0.162925 -0.970231 0.1
2.37458 3.6936 0 0 -0.989198 -0.208715 -0.989198 0.1
2.34187 3.74335 0 0 -0.952489 -0.59539 -0.952489 0.1
2.31676 3.77865 0 0 -0.9609 -0.433202 -0.9609 0.1
2.26388 3.85432 0 0 0.991568 -0.923191 0.991568 0.1
2.29813 3.90668 0 0 -0.114316 0.625619 -0.114316 0.1
2.28385 3.90832 0 0 0.361105 -0.143702 0.361105 0.1
2.34075 3.9298 0 0 0.433885 0.608153 0.433885 0.1
2.40546 3.95978 0 0 0.833979 0.713179 0.833979 0.1
2.39234 3.94533 0 0 -0.903642 -0.195224 -0.903642 0.1
2.36131 3.98472 0 0 0.877825 -0.501511 0.877825 0.1
2.37099 3.99639 0 0 0.929919 0.15163 0.929919 0.1
2.38881 4.02028 0 0 0.949823 0.29799 0.949823 0.1
2.44681 4.10135 0 0 -0.844012 0.996827 -0.844012 0.1
2.42037 4.13109 0 0 0.623099 -0.397948 0.623099 0.1
2.42832 4.1368 0 0 -0.964897 0.0979391 -0.964897 0.1
2.396 4.18345 0 0 0.957828 -0.567456 0.957828 0.1
2.42768 4.22849 0 0 -0.947398 0.550662 -0.947398 0.1
2.42752 4.22871 0 0 0.992252 -0.00278122 0.992252 0.1
2.44118 4.24963 0 0 0.988722 0.249771 0.988722 0.1
2.46301 4.2828 0 0 -0.505436 0.397184 -0.505436 0.1
2.4047 4.31508 0 0 0.982692 -0.666505 0.982692 0.1
2.43003 4.35306 0 0 -0.988313 0.456561 -0.988313 0.1
2.38729 4.41793 0 0 -0.968326 -0.776782 -0.968326 0.1
2.33096 4.49985 0 0 0.902606 -0.994189 0.902606 0.1
2.34302 4.51513 0 0 0.966637 0.194773 0.966637 0.1
2.39466 4.58994 0 0 -0.367833 0.90896 -0.367833 0.1
2.46427 4.56311 0 0 0.488006 0.746025 0.488006 0.1
2.51012 4.58745 0 0 0.0262395 0.519049 0.0262395 0.1
2.50712 4.58737 0 0 0.837334 -0.0300208 0.837334 0.1
2.53514 4.61847 0 0 0.875078 0.418683 0.875078 0.1
2.57801 4.66981 0 0 -0.912217 0.66883 -0.912217 0.1
2.54571 4.71156 0 0 0.992428 -0.527824 0.992428 0.1
2.59494 4.78696 0 0 -0.538661 0.9005 -0.538661 0.1
2.64984 4.75415 0 0 -0.924712 0.639606 -0.924712 0.1
2.59559 4.82609 0 0 0.9965 -0.901007 0.9965 0.1
2.64671 4.90509 0 0 0.766532 0.940913 0.766532 0.1
2.71555 4.97138 0 0 0.898038 0.955677 0.898038 0.1
2.72611 4.98463 0 0 0.308485 0.169517 0.308485 0.1
2.8106 5.01156 0 0 -0.0218123 0.886753 -0.0218123 0.1
2.8497 5.0107 0 0 -0.625473 0.391122 -0.625473 0.1
2.81124 5.03848 0 0 -0.901608 -0.474428 -0.901608 0.1
2.77271 5.0872 0 0 -0.865599 -0.621098 -0.865599 0.1
2.71436 5.15574 0 0 0.917358 -0.900195 0.917358 0.1
2.72872 5.17449 0 0 0.945991 0.236115 0.945991 0.1
2.77071 5.23272 0 0 -0.892531 0.717888 -0.892531 0.1
2.7315 5.28137 0 0 -0.967413 -0.624829 -0.967413 0.1
2.67874 5.35794 0 0 0.774067 -0.929887 0.774067 0.1
2.692 5.37091 0 0 0.508282 0.185498 0.508282 0.1
2.7554 5.40623 0 0 0.409143 0.725709 0.409143 0.1
2.8186 5.43363 0 0 0.979005 0.68885 0.979005 0.1
2.85362 5.48572 0 0 0.900553 0.627704 0.900553 0.1
2.91511 5.5633 0 0 -0.865419 0.989888 -0.865419 0.1
2.93259 5.54276 0 0 0.985299 0.26972 0.985299 0.1
2.97473 5.60632 0 0 -0.841589 0.762585 -0.841589 0.1
2.93263 5.65344 0 0 -0.676172 -0.631883 -0.676172 0.1
2.96232 5.62962 0 0 0.903921 0.380615 0.903921 0.1
3.01889 5.70149 0 0 0.594704 0.914635 0.594704 0.1
3.07218 5.73753 0 0 0.688814 0.64334 0.688814 0.1
3.07785 5.7422 0 0 0.495451 0.0734778 0.495451 0.1
3.08036 5.74356 0 0 -0.946676 0.0284833 -0.946676 0.1
3.04197 5.79686 0 0 -0.890316 -0.656856 -0.890316 0.1
2.98747 5.8642 0 0 -0.99829 -0.866367 -0.99829 0.1
2.9518 5.91954 0 0 -0.99221 -0.65836 -0.99221 0.1
2.92194 5.96525 0 0 -0.870009 -0.546034 -0.870009 0.1
2.8642 6.0337 0 0 0.942227 -0.89551 0.942227 0.1
2.81378 5.96435 0 0 -0.973252 -0.857366 -0.973252 0.1
2.75802 6.0463 0 0 -0.980951 -0.991222 -0.980951 0.1
2.71311 6.11339 0 0 0.237235 -0.80734 0.237235 0.1
2.63401 6.09427 0 0 -0.944963 -0.813757 -0.944963 0.1
2.61844 6.11581 0 0 0.904607 -0.265837 0.904607 0.1
2.62639 6.12592 0 0 -0.957314 0.128575 -0.957314 0.1
2.5742 6.20003 0 0 -0.1976 -0.906392 -0.1976 0.1
2.48999 6.21689 0 0 -0.474608 -0.858863 -0.474608 0.1
2.48756 6.21814 0 0 -0.898432 -0.0272922 -0.898432 0.1
2.44037 6.27741 0 0 -0.861053 -0.75763 -0.861053 0.1
2.42414 6.29631 0 0 -0.910328 -0.249146 -0.910328 0.1
2.39117 6.33875 0 0 0.879327 -0.537475 0.879327 0.1
2.39095 6.33849 0 0 0.553924 -0.00337421 0.553924 0.1
2.40052 6.34441 0 0 -0.917409 0.112498 -0.917409 0.1
2.36308 6.39332 0 0 -0.996577 -0.615902 -0.996577 0.1
2.33559 6.4358 6.91891e-310 6.91891e-310 -0.419639 -0.506005 -0.419639 0.1
2.28938 6.45642 6.91891e-310 6.91891e-310 -0.419639 -0.506005 -0.419639 0.1
2.24317 6.47703 6.91891e-310 6.91891e-310 -0.419639 -0.506005 -0.419639 0.1
2.19696 6.49765 6.91891e-310 6.91891e-310 -0.419639 -0.506005 -0.419639 0.1
2.15075 6.51827 0 0 -0.419639 -0.506005 -0.419639 0.1
2.08083 6.54946 0 0 0.438726 -0.765621 0.438726 0.1
2.15175 6.58273 4.67092e-310 4.67092e-310 0.22192 0.783308 0.22192 0.1
2.22816 6.59998 6.91891e-310 6.91891e-310 0.22192 0.783308 0.22192 0.1
2.30457 6.61722 6.91891e-310 6.91891e-310 0.22192 0.783308 0.22192 0.1
2.38098 6.63446 0 0 0.22192 0.783308 0.22192 0.1
2.45739 6.6517 0 0 0.22192 0.783308 0.22192 0.1
2.5338 6.66894 0 0 0.22192 0.783308 0.22192 0.1
2.6102 6.68618 0 0 0.22192 0.783308 0.22192 0.1
2.68661 6.70342 0 0 0.22192 0.783308 0.22192 0.1
2.69802 6.70599 0 0 -0.0855385 0.116918 -0.0855385 0.1
2.65741 6.70948 0 0 -0.350369 -0.407556 -0.350369 0.1
2.61913 6.72346 0 0 -0.350369 -0.407556 -0.350369 0.1
2.58085 6.73745 0 0 -0.350369 -0.407556 -0.350369 0.1
2.54257 6.75144 0 0 -0.350369 -0.407556 -0.350369 0.1
2.5043 6.76543 0 0 -0.350369 -0.407556 -0.350369 0.1
2.44293 6.78786 4.67092e-310 4.67092e-310 0.224104 -0.653396 0.224104 0.1
2.37922 6.77334 0 0 0.224104 -0.653396 0.224104 0.1
2.31551 6.75882 0 0 0.224104 -0.653396 0.224104 0.1
2.25181 6.7443 0 0 0.224104 -0.653396 0.224104 0.1
2.1881 6.72978 0 0 0.224104 -0.653396 0.224104 0.1
2.1244 6.71526 0 0 0.224104 -0.653396 0.224104 0.1
2.06069 6.70074 0 0 0.224104 -0.653396 0.224104 0.1
1.99699 6.68622 0 0 0.224104 -0.653396 0.224104 0.1
2.01653 6.69067 0 0 -0.898198 0.200492 -0.898198 0.1
2.01158 6.6969 0 0 0.701123 -0.0795802 0.701123 0.1
2.00549 6.69176 0 0 0.701123 -0.0795802 0.701123 0.1
1.99941 6.68663 0 0 0.701123 -0.0795802 0.701123 0.1
1.99333 6.6815 0 0 0.701123 -0.0795802 0.701123 0.1
1.98725 6.67636 0 0 0.701123 -0.0795802 0.701123 0.1
1.98117 6.67123 0 0 0.701123 -0.0795802 0.701123 0.1
2.04102 6.72175 0 0 0.672433 0.783234 0.672433 0.1
2.10229 6.77054 0 0 0.672433 0.783234 0.672433 0.1
2.16357 6.81933 0 0 0.672433 0.783234 0.672433 0.1
2.22484 6.86811 0 0 0.672433 0.783234 0.672433 0.1
2.25821 6.89469 0 0 0.619578 0.426638 0.619578 0.1
2.29295 6.91946 0 0 0.619578 0.426638 0.619578 0.1
2.32768 6.94424 0 0 0.619578 0.426638 0.619578 0.1
2.36242 6.96901 0 0 0.619578 0.426638 0.619578 0.1
2.30382 6.92721 4.67092e-310 4.67092e-310 -0.581252 -0.719794 -0.581252 0.1
2.24366 6.96674 0 0 -0.581252 -0.719794 -0.581252 0.1
2.1835 7.00626 0 0 -0.581252 -0.719794 -0.581252 0.1
2.12334 7.04578 0 0 -0.581252 -0.719794 -0.581252 0.1
2.06318 7.0853 0 0 -0.581252 -0.719794 -0.581252 0.1
2.00302 7.12482 0 0 -0.581252 -0.719794 -0.581252 0.1
1.94286 7.16434 0 0 -0.581252 -0.719794 -0.581252 0.1
1.86243 7.21719 0 0 -0.333241 -0.962429 -0.333241 0.1
1.77148 7.24867 0 0 -0.333241 -0.962429 -0.333241 0.1
1.68053 7.28015 0 0 -0.333241 -0.962429 -0.333241 0.1
1.58958 7.31163 0 0 -0.333241 -0.962429 -0.333241 0.1
1.49863 7.34312 0 0 -0.333241 -0.962429 -0.333241 0.1
1.40768 7.3746 0 0 -0.333241 -0.962429 -0.333241 0.1
1.3669 7.38871 0 0 0.308993 -0.431542 0.308993 0.1
1.32579 7.37559 0 0 0.308993 -0.431542 0.308993 0.1
1.28468 7.36247 0 0 0.308993 -0.431542 0.308993 0.1
1.24357 7.34934 0 0 0.308993 -0.431542 0.308993 0.1
1.20246 7.33622 0 0 0.308993 -0.431542 0.308993 0.1
1.16135 7.3231 0 0 0.308993 -0.431542 0.308993 0.1
1.12024 7.30997 0 0 0.308993 -0.431542 0.308993 0.1
1.12887 7.31273 0 0 -0.831437 0.0905399 -0.831437 0.1
1.13497 7.30604 0 0 -0.831437 0.0905399 -0.831437 0.1
1.14107 7.29935 0 0 -0.831437 0.0905399 -0.831437 0.1
1.14717 7.29266 0 0 -0.831437 0.0905399 -0.831437 0.1
1.15327 7.28597 0 0 -0.831437 0.0905399 -0.831437 0.1
1.15937 7.27928 0 0 -0.831437 0.0905399 -0.831437 0.1
1.16547 7.27259 0 0 -0.831437 0.0905399 -0.831437 0.1
1.17157 7.2659 0 0 -0.831437 0.0905399 -0.831437 0.1
1.13585 7.30507 0 0 0.772362 -0.53017 0.772362 0.1
1.15747 7.32614 0 0 0.815848 0.301891 0.815848 0.1
1.17816 7.34813 0 0 0.815848 0.301891 0.815848 0.1
1.19885 7.37011 0 0 0.815848 0.301891 0.815848 0.1
1.21953 7.3921 0 0 0.815848 0.301891 0.815848 0.1
1.24022 7.41409 0 0 0.815848 0.301891 0.815848 0.1
1.26091 7.43607 0 0 0.815848 0.301891 0.815848 0.1
1.28159 7.45806 0 0 0.815848 0.301891 0.815848 0.1
1.30228 7.48005 0 0 0.815848 0.301891 0.815848 0.1
1.32297 7.50203 0 0 0.815848 0.301891 0.815848 0.1
1.34366 7.52402 0 0 0.815848 0.301891 0.815848 0.1
1.38597 7.56899 0 0 0.870593 0.617503 0.870593 0.1
1.42576 7.61622 0 0 0.870593 0.617503 0.870593 0.1
1.46555 7.66344 0 0 0.870593 0.617503 0.870593 0.1
1.50534 7.71066 0 0 0.870593 0.617503 0.870593 0.1
1.54513 7.75788 0 0 0.870593 0.617503 0.870593 0.1
1.58492 7.8051 0 0 0.870593 0.617503 0.870593 0.1
1.62471 7.85232 0 0 0.870593 0.617503 0.870593 0.1
1.6645 7.89954 0 0 0.870593 0.617503 0.870593 0.1
1.70429 7.94676 0 0 0.870593 0.617503 0.870593 0.1
1.74408 7.99399 0 0 0.870593 0.617503 0.870593 0.1
1.80164 8.06229 0 0 0.863048 0.893261 0.863048 0.1
1.85971 8.13017 0 0 0.863048 0.893261 0.863048 0.1
1.91779 8.19804 0 0 0.863048 0.893261 0.863048 0.1
1.97586 8.26591 0 0 0.863048 0.893261 0.863048 0.1
2.03393 8.33378 0 0 0.863048 0.893261 0.863048 0.1
2.09201 8.40166 0 0 0.863048 0.893261 0.863048 0.1
2.15008 8.46953 0 0 0.863048 0.893261 0.863048 0.1
2.20815 8.5374 0 0 0.863048 0.893261 0.863048 0.1
2.26623 8.60527 0 0 0.863048 0.893261 0.863048 0.1
2.31907 8.66703 0 0 0.73806 0.812781 0.73806 0.1
2.37919 8.72172 0 0 0.73806 0.812781 0.73806 0.1
2.43932 8.77641 0 0 0.73806 0.812781 0.73806 0.1
2.49945 8.8311 0 0 0.73806 0.812781 0.73806 0.1
2.55958 8.88578 0 0 0.73806 0.812781 0.73806 0.1
2.61051 8.9321 4.67092e-310 4.67092e-310 -0.33598 0.68843 -0.33598 0.1
2.6755 8.90941 0 0 -0.33598 0.68843 -0.33598 0.1
2.74049 8.88671 0 0 -0.33598 0.68843 -0.33598 0.1
2.80549 8.86401 0 0 -0.33598 0.68843 -0.33598 0.1
2.87048 8.84132 0 0 -0.33598 0.68843 -0.33598 0.1
2.93547 8.81862 0 0 -0.33598 0.68843 -0.33598 0.1
3.00047 8.79592 0 0 -0.33598 0.68843 -0.33598 0.1
3.04076 8.78185 0 0 0.802019 0.426749 0.802019 0.1
3.07043 8.81253 0 0 0.802019 0.426749 0.802019 0.1
3.1001 8.8432 0 0 0.802019 0.426749 0.802019 0.1
3.12977 8.87387 0 0 0.802019 0.426749 0.802019 0.1
3.15944 8.90454 0 0 0.802019 0.426749 0.802019 0.1
3.18911 8.93522 0 0 0.802019 0.426749 0.802019 0.1
3.21878 8.96589 0 0 0.802019 0.426749 0.802019 0.1
3.24845 8.99656 0 0 0.802019 0.426749 0.802019 0.1
3.27812 9.02724 0 0 0.802019 0.426749 0.802019 0.1
3.33732 9.08844 0 0 0.811104 0.851491 0.811104 0.1
3.39596 9.15018 0 0 0.811104 0.851491 0.811104 0.1
3.42949 9.18548 0 0 -0.424089 0.486899 -0.424089 0.1
3.47387 9.16544 0 0 -0.424089 0.486899 -0.424089 0.1
3.51825 9.14541 0 0 -0.424089 0.486899 -0.424089 0.1
3.56262 9.12537 0 0 -0.424089 0.486899 -0.424089 0.1
3.607 9.10534 0 0 -0.424089 0.486899 -0.424089 0.1
3.65138 9.0853 0 0 -0.424089 0.486899 -0.424089 0.1
3.69575 9.06527 0 0 -0.424089 0.486899 -0.424089 0.1
3.74013 9.04523 0 0 -0.424089 0.486899 -0.424089 0.1
3.78451 9.0252 0 0 -0.424089 0.486899 -0.424089 0.1
3.82888 9.00516 0 0 -0.424089 0.486899 -0.424089 0.1
3.80383 9.01647 0 0 -0.883401 -0.274885 -0.883401 0.1
3.78639 9.03772 0 0 -0.883401 -0.274885 -0.883401 0.1
3.76894 9.05896 0 0 -0.883401 -0.274885 -0.883401 0.1
3.7515 9.08021 0 0 -0.883401 -0.274885 -0.883401 0.1
3.73406 9.10145 0 0 -0.883401 -0.274885 -0.883401 0.1
3.71662 9.1227 0 0 -0.883401 -0.274885 -0.883401 0.1
3.69918 9.14395 0 0 -0.883401 -0.274885 -0.883401 0.1
3.68173 9.16519 0 0 -0.883401 -0.274885 -0.883401 0.1
3.66429 9.18644 0 0 -0.883401 -0.274885 -0.883401 0.1
3.64685 9.20768 0 0 -0.883401 -0.274885 -0.883401 0.1
3.68629 9.15964 0 0 0.0700132 0.621591 0.0700132 0.1
3.7483 9.16399 0 0 0.0700132 0.621591 0.0700132 0.1
3.8103 9.16834 0 0 0.0700132 0.621591 0.0700132 0.1
3.87231 9.17269 0 0 0.0700132 0.621591 0.0700132 0.1
3.93432 9.17703 0 0 0.0700132 0.621591 0.0700132 0.1
3.99632 9.18138 0 0 0.0700132 0.621591 0.0700132 0.1
4.05833 9.18573 0 0 0.0700132 0.621591 0.0700132 0.1
4.12034 9.19008 0 0 0.0700132 0.621591 0.0700132 0.1
4.16606 9.19329 0 0 -0.0181345 0.458371 -0.0181345 0.1
4.21189 9.19246 0 0 -0.0181345 0.458371 -0.0181345 0.1
4.25772 9.19162 0 0 -0.0181345 0.458371 -0.0181345 0.1
4.30355 9.19079 0 0 -0.0181345 0.458371 -0.0181345 0.1
4.34938 9.18996 0 0 -0.0181345 0.458371 -0.0181345 0.1
4.39521 9.18913 0.1 0.1 -0.0181345 0.458371 -0.0181345 0.1
4.44104 9.1883 0.1 0.1 -0.0181345 0.458371 -0.0181345 0.1
4.48687 9.18747 0.1 0.1 -0.0181345 0.458371 -0.0181345 0.1
4.5327 9.18664 0.1 0.1 -0.0181345 0.458371 -0.0181345 0.1
4.57853 9.18581 0 0 -0.0181345 0.458371 -0.0181345 0.1
4.63189 9.18484 0.1 0.1 0.120842 0.533675 0.120842 0.1
4.68487 9.19127 0 0 0.120842 0.533675 0.120842 0.1
4.73784 9.1977 0 0 0.120842 0.533675 0.120842 0.1
4.79082 9.20414 0 0 0.120842 0.533675 0.120842 0.1
4.8438 9.21057 0 0 0.120842 0.533675 0.120842 0.1
4.89678 9.217 0 0 0.120842 0.533675 0.120842 0.1
4.90544 9.21806 0 0 -0.450808 0.087258 -0.450808 0.1
4.9133 9.21426 0 0 -0.450808 0.087258 -0.450808 0.1
4.92115 9.21045 0 0 -0.450808 0.087258 -0.450808 0.1
4.929 9.20665 0 0 -0.450808 0.087258 -0.450808 0.1
4.93686 9.20285 0 0 -0.450808 0.087258 -0.450808 0.1
4.94471 9.19905 0 0 -0.450808 0.087258 -0.450808 0.1
4.99982 9.17237 0 0 -0.973537 0.612201 -0.973537 0.1
5.03424 9.12175 0 0 -0.973537 0.612201 -0.973537 0.1
5.06867 9.07113 0 0 -0.973537 0.612201 -0.973537 0.1
5.1031 9.02051 0 0 -0.973537 0.612201 -0.973537 0.1
5.13753 8.96989 0 0 -0.973537 0.612201 -0.973537 0.1
5.17196 8.91927 0 0 -0.973537 0.612201 -0.973537 0.1
5.22295 8.84429 0 0 -0.40312 0.906724 -0.40312 0.1
5.30636 8.80872 0 0 -0.40312 0.906724 -0.40312 0.1
5.38976 8.77315 0 0 -0.40312 0.906724 -0.40312 0.1
5.47316 8.73758 0 0 -0.40312 0.906724 -0.40312 0.1
5.55657 8.70201 0 0 -0.40312 0.906724 -0.40312 0.1
5.54709 8.70606 4.67092e-310 4.67092e-310 -0.89003 -0.103099 -0.89003 0.1
5.5406 8.71407 0 0 -0.89003 -0.103099 -0.89003 0.1
5.53411 8.72208 0 0 -0.89003 -0.103099 -0.89003 0.1
5.52762 8.73009 0 0 -0.89003 -0.103099 -0.89003 0.1
5.52113 8.7381 0 0 -0.89003 -0.103099 -0.89003 0.1
5.51464 8.74611 0 0 -0.89003 -0.103099 -0.89003 0.1
5.50815 8.75413 0 0 -0.89003 -0.103099 -0.89003 0.1
5.50166 8.76214 0 0 -0.89003 -0.103099 -0.89003 0.1
5.5536 8.69801 0 0 -0.752941 0.825231 -0.752941 0.1
5.61382 8.64158 0 0 -0.752941 0.825231 -0.752941 0.1
5.67403 8.58515 0 0 -0.752941 0.825231 -0.752941 0.1
5.69148 8.5688 0 0 -0.995945 0.239102 -0.995945 0.1
5.70448 8.54874 0 0 -0.995945 0.239102 -0.995945 0.1
5.71748 8.52867 0 0 -0.995945 0.239102 -0.995945 0.1
5.73048 8.5086 0 0 -0.995945 0.239102 -0.995945 0.1
5.74348 8.48854 0 0 -0.995945 0.239102 -0.995945 0.1
5.75648 8.46847 0 0 -0.995945 0.239102 -0.995945 0.1
5.76127 8.46108 0 0 0.940393 0.0880885 0.940393 0.1
5.76646 8.46819 0 0 0.940393 0.0880885 0.940393 0.1
5.77166 8.47531 0 0 0.940393 0.0880885 0.940393 0.1
5.77685 8.48242 0 0 0.940393 0.0880885 0.940393 0.1
5.78204 8.48954 0 0 0.940393 0.0880885 0.940393 0.1
5.78723 8.49665 0 0 0.940393 0.0880885 0.940393 0.1
5.79243 8.50377 0 0 0.940393 0.0880885 0.940393 0.1
5.79762 8.51088 0 0 0.940393 0.0880885 0.940393 0.1
5.80281 8.518 0 0 0.940393 0.0880885 0.940393 0.1
5.85289 8.58662 0 0 -0.717989 0.849497 -0.717989 0.1
5.91686 8.53074 0 0 -0.717989 0.849497 -0.717989 0.1
5.98084 8.47485 0 0 -0.717989 0.849497 -0.717989 0.1
6.04482 8.41896 0 0 -0.717989 0.849497 -0.717989 0.1
6.1088 8.36308 0 0 -0.717989 0.849497 -0.717989 0.1
6.17278 8.30719 0 0 -0.717989 0.849497 -0.717989 0.1
6.23795 8.25026 0 0 -0.11 0.865399 -0.11 0.1
6.32397 8.24076 0 0 -0.11 0.865399 -0.11 0.1
6.40999 8.23126 0 0 -0.11 0.865399 -0.11 0.1
6.496 8.22176 0 0 -0.11 0.865399 -0.11 0.1
6.58202 8.21226 0 0 -0.11 0.865399 -0.11 0.1
6.66804 8.20276 0 0 -0.11 0.865399 -0.11 0.1
6.75405 8.19326 0 0 -0.11 0.865399 -0.11 0.1
6.84007 8.18376 0 0 -0.11 0.865399 -0.11 0.1
6.915 8.17548 0 0 -0.402731 0.753832 -0.402731 0.1
6.98435 8.14594 0 0 -0.402731 0.753832 -0.402731 0.1
7.0537 8.11639 0 0 -0.402731 0.753832 -0.402731 0.1
7.12306 8.08685 0 0 -0.402731 0.753832 -0.402731 0.1
7.19241 8.0573 0 0 -0.402731 0.753832 -0.402731 0.1
7.26176 8.02776 0 0 -0.402731 0.753832 -0.402731 0.1
7.33111 7.99821 0 0 -0.402731 0.753832 -0.402731 0.1
7.40046 7.96867 0 0 -0.402731 0.753832 -0.402731 0.1
7.46982 7.93912 0 0 -0.402731 0.753832 -0.402731 0.1
7.52456 7.9158 0 0 0.723326 0.595081 0.723326 0.1
7.56917 7.95519 0 0 0.723326 0.595081 0.723326 0.1
7.61378 7.99457 0 0 0.723326 0.595081 0.723326 0.1
7.65839 8.03396 0 0 0.723326 0.595081 0.723326 0.1
7.72811 8.09553 4.67092e-310 4.67092e-310 -0.0613742 0.930167 -0.0613742 0.1
7.82095 8.08982 0 0 -0.0613742 0.930167 -0.0613742 0.1
7.9138 8.08412 0 0 -0.0613742 0.930167 -0.0613742 0.1
8.00664 8.07841 0 0 -0.0613742 0.930167 -0.0613742 0.1
8.09948 8.07271 0 0 -0.0613742 0.930167 -0.0613742 0.1
8.19232 8.067 0 0 -0.0613742 0.930167 -0.0613742 0.1
8.28516 8.0613 0 0 -0.0613742 0.930167 -0.0613742 0.1
8.378 8.05559 0 0 -0.0613742 0.930167 -0.0613742 0.1
8.47085 8.04989 0 0 -0.0613742 0.930167 -0.0613742 0.1
8.56369 8.04418 0 0 -0.0613742 0.930167 -0.0613742 0.1
8.57025 8.04378 0 0 -0.89884 0.0657377 -0.89884 0.1
8.57434 8.03863 0 0 -0.89884 0.0657377 -0.89884 0.1
8.57843 8.03349 0 0 -0.89884 0.0657377 -0.89884 0.1
8.58253 8.02834 0 0 -0.89884 0.0657377 -0.89884 0.1
8.58662 8.0232 0 0 -0.89884 0.0657377 -0.89884 0.1
8.59071 8.01805 0 0 -0.89884 0.0657377 -0.89884 0.1
8.56313 8.05273 0 0 -0.457121 -0.443084 -0.457121 0.1
8.52337 8.07229 0 0 -0.457121 -0.443084 -0.457121 0.1
8.48361 8.09184 0 0 -0.457121 -0.443084 -0.457121 0.1
8.44385 8.1114 0 0 -0.457121 -0.443084 -0.457121 0.1
8.51463 8.07658 4.67092e-310 4.67092e-310 0.882066 0.788788 0.882066 0.1
8.56476 8.13748 0 0 0.882066 0.788788 0.882066 0.1
8.61489 8.19838 0 0 0.882066 0.788788 0.882066 0.1
8.66503 8.25928 0 0 0.882066 0.788788 0.882066 0.1
8.71516 8.32018 0 0 0.882066 0.788788 0.882066 0.1
8.76529 8.38108 0 0 0.882066 0.788788 0.882066 0.1
8.81542 8.44198 0 0 0.882066 0.788788 0.882066 0.1
8.84267 8.47507 0 0 0.353866 0.428678 0.353866 0.1
8.88288 8.48993 0 0 0.353866 0.428678 0.353866 0.1
8.92309 8.50478 0 0 0.353866 0.428678 0.353866 0.1
8.9633 8.51964 0 0 0.353866 0.428678 0.353866 0.1
9.00351 8.53449 0 0 0.353866 0.428678 0.353866 0.1
9.04373 8.54935 0 0 0.353866 0.428678 0.353866 0.1
9.08394 8.5642 0 0 0.353866 0.428678 0.353866 0.1
9.12415 8.57906 0 0 0.353866 0.428678 0.353866 0.1
Robot 2
9 0.5 0 0 0 0 0 0
8.95432 0.5 6.91891e-310 6.91891e-310 -0.242927 -0.456816 -0.242927 0.1
8.93354 0.505148 6.91819e-310 0.591505 0.399035 -0.214019 0.399035 0.1
8.87176 0.479094 6.91891e-310 6.91891e-310 -0.990268 -0.670576 -0.990268 0.1
8.82015 0.557766 6.91888e-310 6.91888e-310 -0.864547 -0.940858 -0.864547 0.1
8.75909 0.629347 0 0 -0.864547 -0.940858 -0.864547 0.1
8.69803 0.700928 0 0 -0.864547 -0.940858 -0.864547 0.1
8.63697 0.772508 0 0 -0.864547 -0.940858 -0.864547 0.1
8.57591 0.844089 0 0 -0.864547 -0.940858 -0.864547 0.1
8.51485 0.91567 4.74303e-322 1.77864e-322 -0.864547 -0.940858 -0.864547 0.1
8.47846 0.958327 4.74303e-322 1.77864e-322 -0.51494 -0.56069 -0.51494 0.1
8.5143 0.938048 6.32404e-322 1.77864e-322 -0.945007 0.411779 -0.945007 0.1
8.47096 0.998021 6.91891e-310 6.91891e-310 -0.895442 -0.73995 -0.895442 0.1
8.43935 1.03749 6.91819e-310 0.703942 0.81709 -0.505672 0.81709 0.1
8.40076 0.996373 6.91891e-310 6.91891e-310 -0.956985 -0.563867 -0.956985 0.1
8.42785 0.957927 0.1 0.1 0.883293 0.470306 0.883293 0.1
8.45769 0.994274 6.91888e-310 6.91888e-310 0.883293 0.470306 0.883293 0.1
8.48754 1.03062 6.91888e-310 6.91888e-310 0.883293 0.470306 0.883293 0.1
8.51739 1.06697 0.1 0.1 0.883293 0.470306 0.883293 0.1
8.54723 1.10331 0 0 0.883293 0.470306 0.883293 0.1
8.57708 1.13966 4.74303e-322 1.77864e-322 0.883293 0.470306 0.883293 0.1
8.63693 1.21255 6.91891e-310 6.91891e-310 -0.509275 0.943175 -0.509275 0.1
8.56296 1.25386 0 0 -0.278587 -0.84729 -0.278587 0.1
8.48149 1.27716 0 0 -0.278587 -0.84729 -0.278587 0.1
8.40003 1.30046 0 0 -0.278587 -0.84729 -0.278587 0.1
8.31857 1.32376 0 0 -0.278587 -0.84729 -0.278587 0.1
8.23711 1.34706 0 0 -0.278587 -0.84729 -0.278587 0.1
8.15564 1.37036 4.74303e-322 2.56914e-322 -0.278587 -0.84729 -0.278587 0.1
8.15371 1.37092 2.47033e-323 0 0.972608 -0.0200898 0.972608 0.1
8.14092 1.35215 0 0 -0.973897 -0.227118 -0.973897 0.1
8.08736 1.43097 6.91891e-310 6.91891e-310 0.295177 -0.952958 0.295177 0.1
8.02164 1.41098 0 0 0.0215169 -0.686892 0.0215169 0.1
7.96994 1.40987 6.91891e-310 6.91891e-310 -0.572359 -0.517096 -0.572359 0.1
7.92453 1.43913 0 0 0.294877 -0.540213 0.294877 0.1
7.86089 1.4198 0 0 -0.580816 -0.665158 -0.580816 0.1
7.88649 1.40299 0 0 0.944973 0.306249 0.944973 0.1
7.86644 1.37526 0 0 -0.926065 -0.342194 -0.926065 0.1
7.80988 1.45049 0 0 0.328973 -0.941283 0.328973 0.1
7.78212 1.44102 0 0 0.690991 -0.293294 0.690991 0.1
7.77144 1.43218 0 0 0.0376368 -0.138598 0.0376368 0.1
7.69338 1.42925 0 0 0.603016 -0.781154 0.603016 0.1
7.67277 1.41505 0 0 -0.872324 -0.250225 -0.872324 0.1
7.7184 1.36072 0 0 0.66641 0.709547 0.66641 0.1
7.66338 1.31745 0 0 0.45606 -0.699916 0.45606 0.1
7.62241 1.29735 6.91819e-310 6.91891e-310 0.0513862 -0.456354 0.0513862 0.1
7.68517 1.30058 0 0 0.419478 0.62847 0.419478 0.1
7.59437 1.26009 0 0 -0.88733 -0.994219 -0.88733 0.1
7.5341 1.33409 0 0 -0.00606354 -0.954483 -0.00606354 0.1
7.45988 1.33454 0 0 -0.705608 -0.742199 -0.705608 0.1
7.41043 1.37667 0 0 -0.750719 -0.6496 -0.750719 0.1
7.39611 1.39003 0 0 -0.770906 -0.195821 -0.770906 0.1
7.35926 1.42582 0 0 -0.907156 -0.51369 -0.907156 0.1
7.34291 1.44673 0 0 0.57213 -0.265427 0.57213 0.1
7.26962 1.39953 0 0 0.891991 -0.871757 0.891991 0.1
7.22574 1.34514 0 0 0.607254 -0.698884 0.607254 0.1
7.2058 1.33128 0 0 -0.89555 -0.242851 -0.89555 0.1
7.14707 1.40461 0 0 -0.88221 -0.939477 -0.88221 0.1
7.1107 1.4488 0 0 0.431139 -0.57235 0.431139 0.1
7.06485 1.42771 0 0 -0.960775 -0.504656 -0.960775 0.1
7.06546 1.42685 0 0 -0.970014 0.0104903 -0.970014 0.1
7.04559 1.45585 0 0 0.548973 -0.351449 0.548973 0.1
6.97831 1.41469 0 0 0.942022 -0.788651 0.942022 0.1
6.92566 1.3423 0 0 -0.845922 -0.895179 -0.845922 0.1
6.92818 1.33945 0 0 -0.975924 0.0380349 -0.975924 0.1
6.88309 1.40609 0 0 0.509522 -0.804594 0.509522 0.1
6.89785 1.41433 0 0 -0.954232 0.169006 -0.954232 0.1
6.89805 1.41405 0 0 -0.442273 0.00342351 -0.442273 0.1
6.82703 1.44768 0 0 0.884311 -0.785765 0.884311 0.1
6.76672 1.37408 0 0 0.0318567 -0.951595 0.0318567 0.1
6.71375 1.37239 0 0 0.796349 -0.529955 0.796349 0.1
6.69801 1.3563 0 0 -0.392519 -0.22503 -0.392519 0.1
6.61302 1.39149 0 0 -0.0525919 -0.919842 -0.0525919 0.1
6.51562 1.39662 0 0 -0.259278 -0.975339 -0.259278 0.1
6.45918 1.41159 0 0 0.525251 -0.583914 0.525251 0.1
6.45843 1.41115 0 0 -0.961248 -0.00874039 -0.961248 0.1
6.43023 1.45152 0 0 0.363387 -0.492439 0.363387 0.1
6.35195 1.42175 0 0 0.746709 -0.837542 0.746709 0.1
6.2927 1.36692 0 0 -0.437088 -0.807318 -0.437088 0.1
6.21293 1.40419 0 0 -0.342073 -0.880475 -0.342073 0.1
6.13226 1.43291 0 0 -0.845811 -0.856326 -0.845811 0.1
6.07865 1.49342 0 0 0.261362 -0.808388 0.261362 0.1
5.99151 1.47011 0 0 -0.186069 -0.902079 -0.186069 0.1
5.95019 1.47789 0 0 -0.258479 -0.420454 -0.258479 0.1
5.96561 1.47382 0 0 0.378443 0.159499 0.378443 0.1
5.88565 1.44202 0 0 0.1735 -0.860501 0.1735 0.1
5.79755 1.42658 0 0 -0.908394 -0.894425 -0.908394 0.1
5.78313 1.44507 0 0 -0.897933 -0.234428 -0.897933 0.1
5.78617 1.44125 0 0 0.572215 0.0487675 0.572215 0.1
5.74223 1.41295 0 0 -0.582417 -0.522632 -0.582417 0.1
5.70777 1.43565 0 0 0.325416 -0.412637 0.325416 0.1
5.72886 1.44276 0 0 -0.809714 0.222552 -0.809714 0.1
5.71479 1.45753 0 0 0.478057 -0.203923 0.478057 0.1
5.62623 1.41164 0 0 -0.896463 -0.997397 -0.896463 0.1
5.62351 1.41505 0 0 0.973262 -0.043574 0.973262 0.1
5.61618 1.40427 0 0 -0.0144272 -0.130418 -0.0144272 0.1
5.56002 1.40508 0 0 0.932269 -0.561614 0.932269 0.1
5.50045 1.32482 0 0 0.165419 -0.999445 0.165419 0.1
5.43677 1.31419 0 0 0.855945 -0.645597 0.855945 0.1
5.43072 1.30721 0 0 0.983858 -0.0924157 0.983858 0.1
5.39063 1.24694 0 0 0.964865 -0.723888 0.964865 0.1
5.34066 1.17482 0 0 -0.206046 -0.877384 -0.206046 0.1
5.25384 1.19297 0 0 -0.986489 -0.886889 -0.986489 0.1
5.3031 1.11849 0 0 -0.707734 0.892881 -0.707734 0.1
5.3459 1.08187 0 0 -0.926577 0.563263 -0.926577 0.1
5.3994 1.01064 0 0 -0.397117 0.890867 -0.397117 0.1
5.39543 1.01231 0 0 0.963068 -0.0430466 0.963068 0.1
5.34197 0.935451 0 0 0.472975 -0.936178 0.472975 0.1
5.303 0.915509 0 0 -0.908198 -0.437783 -0.908198 0.1
5.34246 0.864941 0 0 -0.977358 0.641407 -0.977358 0.1
5.31354 0.907808 0 0 0.968259 -0.517082 0.968259 0.1
5.30336 0.893001 0 0 0.739904 -0.179717 0.739904 0.1
5.2357 0.831234 0 0 -0.28821 -0.916123 -0.28821 0.1
5.17341 0.849702 0 0 0.067008 -0.649714 0.067008 0.1
5.10196 0.844907 0 0 -0.75438 -0.716111 -0.75438 0.1
5.04196 0.901287 0 0 0.179058 -0.823261 0.179058 0.1
4.97775 0.889664 0 0 -0.710473 -0.652554 -0.710473 0.1
4.92256 0.937154 0 0 0.144435 -0.728147 0.144435 0.1
4.82525 0.923001 0 0 0.280512 -0.983307 0.280512 0.1
4.76836 0.906611 0 0 0.248219 -0.592015 0.248219 0.1
4.71494 0.893072 0 0 -0.104462 -0.551066 -0.104462 0.1
4.70637 0.893971 0 0 0.107055 -0.0862135 0.107055 0.1
4.66923 0.88998 0 0 0.80771 -0.373573 0.80771 0.1
4.68105 0.902347 0 0 0.932108 0.171121 0.932108 0.1
4.64498 0.853761 0 0 -0.892409 -0.605145 -0.892409 0.1
4.59053 0.921309 0 0 0.615799 -0.86758 0.615799 0.1
4.52056 0.871796 0 0 -0.239901 -0.857205 -0.239901 0.1
4.42646 0.894815 0 0 0.604681 -0.968757 0.604681 0.1
4.45512 0.914619 0 0 -0.883821 0.348356 -0.883821 0.1
4.42235 0.954565 0 0 -0.847718 -0.516656 -0.847718 0.1
4.35998 1.02523 0 0 -0.387463 -0.942552 -0.387463 0.1
4.30307 1.04846 0 0 -0.835515 -0.614712 -0.835515 0.1
4.28475 1.06872 0 0 -0.848171 -0.273108 -0.848171 0.1
4.22735 1.13381 0 0 -0.229233 -0.867867 -0.229233 0.1
4.17476 1.14608 0 0 0.271105 -0.540033 0.271105 0.1
4.11086 1.12832 0 0 0.101766 -0.663181 0.101766 0.1
4.03777 1.12086 0 0 0.0616509 -0.734749 0.0616509 0.1
3.95695 1.11587 0 0 -0.596596 -0.809766 -0.596596 0.1
3.94361 1.12493 0 0 -0.95888 -0.161227 -0.95888 0.1
3.89766 1.1904 0 0 -0.381343 -0.79988 -0.381343 0.1
3.83438 1.21577 0 0 -0.931453 -0.681735 -0.931453 0.1
3.82285 1.23128 0 0 0.783888 -0.193242 0.783888 0.1
3.86539 1.27369 0 0 -0.925822 0.600704 -0.925822 0.1
3.82371 1.32911 0 0 0.770353 -0.693415 0.770353 0.1
3.80369 1.30969 0 0 0.924283 -0.27887 0.924283 0.1
3.80522 1.31171 0 0 -0.992615 0.0253561 -0.992615 0.1
3.76814 1.36854 0 0 -0.989018 -0.67857 -0.989018 0.1
3.72045 1.44104 0 0 -0.0718098 -0.867809 -0.0718098 0.1
3.64672 1.44634 0 0 -0.153903 -0.739192 -0.153903 0.1
3.56334 1.45928 0 0 0.275115 -0.843831 0.275115 0.1
3.51714 1.44624 0 0 0.708253 -0.48005 0.708253 0.1
3.46384 1.40059 0 0 -0.690971 -0.701793 -0.690971 0.1
3.45586 1.40719 0 0 0.922006 -0.103539 0.922006 0.1
3.41612 1.35478 0 0 -0.607678 -0.657627 -0.607678 0.1
3.37893 1.38065 0 0 -0.487228 -0.453058 -0.487228 0.1
3.29814 1.42346 0 0 0.988692 -0.914285 0.988692 0.1
3.2598 1.36522 0 0 0.259909 -0.697238 0.259909 0.1
3.16487 1.33997 0 0 0.0983486 -0.982349 0.0983486 0.1
3.12837 1.33637 0 0 0.962462 -0.36677 0.962462 0.1
3.18303 1.41485 0 0 0.118946 0.956379 0.118946 0.1
3.10013 1.40494 0 0 0.543437 -0.834898 0.543437 0.1
3.08928 1.39839 0 0 0.986066 -0.1267 0.986066 0.1
3.09358 1.40489 0 0 -0.673799 0.0779562 -0.673799 0.1
3.05986 1.43182 0 0 0.619159 -0.431583 0.619159 0.1
2.9974 1.38731 0 0 -0.96092 -0.766896 -0.96092 0.1
2.94686 1.45965 0 0 0.438115 -0.882437 0.438115 0.1
2.89971 1.43756 0 0 -0.887022 -0.52067 -0.887022 0.1
2.93734 1.39139 0 0 0.929961 0.595639 0.929961 0.1
2.90777 1.35175 0 0 -0.319054 -0.494509 -0.319054 0.1
2.82931 1.37767 0 0 -0.520588 -0.826337 -0.520588 0.1
2.7935 1.3982 0 0 0.823038 -0.412848 0.823038 0.1
2.81347 1.41974 0 0 0.929109 0.293796 0.929109 0.1
2.7888 1.38672 0 0 -0.803083 -0.412259 -0.803083 0.1
2.73315 1.44437 0 0 0.900706 -0.801344 0.900706 0.1
2.68191 1.37971 0 0 -0.829039 -0.825016 -0.829039 0.1
2.64012 1.42531 0 0 -0.392789 -0.618492 -0.392789 0.1
2.56267 1.4574 0 0 -0.445334 -0.838319 -0.445334 0.1
2.5739 1.45204 0 0 -0.974328 0.124392 -0.974328 0.1
2.55104 1.48571 0 0 0.116394 -0.406916 0.116394 0.1
2.52791 1.483 0 0 -0.24268 -0.232871 -0.24268 0.1
2.46582 1.49838 0 0 -0.0515036 -0.639676 -0.0515036 0.1
2.38443 1.50257 0 0 0.0084021 -0.815033 0.0084021 0.1
2.35606 1.50233 0 0 0.0091461 -0.2837 0.0091461 0.1
2.28404 1.50167 0 0 0.0647062 -0.720149 0.0647062 0.1
2.18916 1.49553 0 0 0.0571249 -0.950881 0.0571249 0.1
2.18015 1.49501 0 0 0.0892105 -0.0901827 0.0892105 0.1
2.18152 1.49513 0 0 0.22467 0.0137658 0.22467 0.1
2.0908 1.4744 0 0 0.0744958 -0.930637 0.0744958 0.1
1.99596 1.46732 0 0 0.209464 -0.951026 0.209464 0.1
1.91222 1.44952 0 0 0.588461 -0.85608 0.588461 0.1
1.89177 1.43587 0 0 -0.559313 -0.245838 -0.559313 0.1
1.9183 1.41927 0 0 -0.674198 0.312927 -0.674198 0.1
1.95838 1.38724 0 0 0.860857 0.513029 0.860857 0.1
1.9316 1.35609 6.91891e-310 6.91891e-310 -0.984961 -0.410844 -0.984961 0.1
1.89785 1.40694 0 0 -0.98006 -0.610349 -0.98006 0.1
1.88089 1.43224 0 0 0.790107 -0.304578 0.790107 0.1
1.87715 1.42846 0 0 0.767927 -0.0531853 0.767927 0.1
1.81816 1.3715 0 0 0.924698 -0.819958 0.924698 0.1
1.78644 1.32944 0 0 0.998013 -0.526817 0.998013 0.1
1.73506 1.24976 0 0 -0.679936 -0.948094 -0.679936 0.1
1.8011 1.19636 0 0 -0.951942 0.849325 -0.951942 0.1
1.77177 1.23755 0 0 -0.531355 -0.505622 -0.531355 0.1
1.75354 1.24826 0 0 -0.980347 -0.211511 -0.980347 0.1
1.74779 1.25683 0 0 0.989388 -0.103146 0.989388 0.1
1.72895 1.22816 0 0 -0.853941 -0.343137 -0.853941 0.1
1.66957 1.29629 0 0 0.0952121 -0.903794 0.0952121 0.1
1.59626 1.28929 0 0 0.913986 -0.736425 0.913986 0.1
1.56885 1.25374 0 0 -0.577583 -0.448942 -0.577583 0.1
1.49795 1.29994 0 0 0.692781 -0.8462 0.692781 0.1
1.52141 1.31941 0 0 0.986654 0.304831 0.986654 0.1
1.50018 1.2873 0 0 0.247139 -0.384923 0.247139 0.1
1.45948 1.27703 0 0 -0.0608278 -0.419753 -0.0608278 0.1
1.45939 1.27704 0 0 -0.513745 -0.000962616 -0.513745 0.1
1.40255 1.30911 0 0 -0.90304 -0.652616 -0.90304 0.1
1.39242 1.32195 0 0 0.970252 -0.163515 0.970252 0.1
1.3529 1.26425 0 0 0.960499 -0.699343 0.960499 0.1
1.31788 1.21417 0 0 0.92332 -0.611126 0.92332 0.1
1.28269 1.16764 0 0 -0.881761 -0.583385 -0.881761 0.1
1.34007 1.09798 0 0 -0.799441 0.902463 -0.799441 0.1
1.30424 1.13483 0 0 0.120799 -0.513988 0.120799 0.1
1.20637 1.12295 0 0 0.480001 -0.985862 0.480001 0.1
1.16274 1.10023 0 0 0.937565 -0.491939 0.937565 0.1
1.1557 1.09065 0 0 0.231593 -0.118896 0.231593 0.1
1.06716 1.06977 0 0 0.877449 -0.909656 0.877449 0.1
1.01299 1.00458 0 0 0.0686815 -0.847588 0.0686815 0.1
0.975841 1.00203 0 0 -0.785042 -0.372404 -0.785042 0.1
0.995395 0.982487 0 0 -0.777923 0.276431 -0.777923 0.1
Robot 3
9 3.5 0 0 0 0 0 0
8.96358 3.5 0 0 -0.950651 -0.364153 -0.950651 0.1
8.94247 3.52957 0 0 -0.704353 -0.363384 -0.704353 0.1
8.89012 3.57405 0 0 0.150873 -0.686915 0.150873 0.1
8.95091 3.58329 0 0 -0.955114 0.614821 -0.955114 0.1
8.94576 3.59056 0 0 -0.997646 -0.0890267 -0.997646 0.1
8.92568 3.62167 0 0 0.0286574 -0.370266 0.0286574 0.1
8.87028 3.62008 0 0 0.18757 -0.554289 0.18757 0.1
8.84652 3.61557 0 0 0.840011 -0.241833 0.840011 0.1
8.83502 3.60274 0 0 0.981013 -0.172333 0.981013 0.1
8.78854 3.53329 0 0 0.418593 -0.835732 0.418593 0.1
8.70295 3.49521 0 0 -0.912711 -0.936717 -0.912711 0.1
8.68206 3.52224 0 0 0.942596 -0.341603 0.942596 0.1
8.65156 3.48024 0 0 -0.906549 -0.519011 -0.906549 0.1
8.59036 3.55841 0 0 -0.686191 -0.992664 -0.686191 0.1
8.5392 3.6003 0 0 -0.822438 -0.66127 -0.822438 0.1
8.47182 3.67287 0 0 0.788178 -0.990281 0.788178 0.1
8.43189 3.63272 0 0 -0.347634 -0.566293 -0.347634 0.1
8.35414 3.66089 0 0 0.166953 -0.826938 0.166953 0.1
8.2962 3.65112 0 0 -0.822568 -0.587622 -0.822568 0.1
8.28627 3.66182 0 0 0.749894 -0.145919 0.749894 0.1
8.21853 3.59873 0 0 -0.761226 -0.925628 -0.761226 0.1
8.17441 3.64077 0 0 -0.94911 -0.609425 -0.94911 0.1
8.12973 3.70313 0 0 0.827844 -0.767152 0.827844 0.1
8.06965 3.63772 0 0 0.629312 -0.888166 0.629312 0.1
7.99532 3.5836 0 0 0.335076 -0.919415 0.335076 0.1
7.95119 3.56824 0 0 -0.700463 -0.467342 -0.700463 0.1
7.92793 3.58785 0 0 -0.921394 -0.304256 -0.921394 0.1
7.91878 3.59989 0 0 -0.946656 -0.151182 -0.946656 0.1
7.87092 3.66635 0 0 0.998122 -0.819023 0.998122 0.1
7.88558 3.68908 0 0 -0.925239 0.270472 -0.925239 0.1
7.84775 3.73931 0 0 -0.960925 -0.628793 -0.960925 0.1
7.82662 3.76954 0 0 0.162125 -0.368854 0.162125 0.1
7.75786 3.7583 0 0 0.912104 -0.696726 0.912104 0.1
7.7399 3.7351 0 0 -0.588653 -0.293384 -0.588653 0.1
7.68503 3.77173 0 0 -0.681067 -0.659724 -0.681067 0.1
7.64222 3.80643 0 0 -0.977493 -0.551126 -0.977493 0.1
7.60379 3.86341 0 0 0.0509906 -0.687249 0.0509906 0.1
7.54494 3.8604 0 0 -0.0160498 -0.589261 -0.0160498 0.1
7.47168 3.86158 0 0 0.0114466 -0.732756 0.0114466 0.1
7.40103 3.86077 0 0 -0.966634 -0.706536 -0.966634 0.1
7.37624 3.89668 0 0 0.941319 -0.436339 0.941319 0.1
7.32237 3.82272 0 0 -0.979321 -0.915002 -0.979321 0.1
7.27876 3.88765 0 0 0.655669 -0.782242 0.655669 0.1
7.2483 3.86422 0 0 0.997112 -0.384278 0.997112 0.1
7.25043 3.86752 0 0 -0.920394 0.0392033 -0.920394 0.1
7.20626 3.92557 0 0 -0.971498 -0.729404 -0.971498 0.1
7.17172 3.97612 0 0 0.424344 -0.612295 0.424344 0.1
7.17689 3.97846 0 0 -0.485311 0.0567565 -0.485311 0.1
7.09231 4.02307 0 0 0.961122 -0.956292 0.961122 0.1
7.14761 4.10225 0 0 -0.948485 0.965783 -0.948485 0.1
7.09467 4.17604 0 0 0.850504 -0.90818 0.850504 0.1
7.12317 4.20852 0 0 0.973182 0.432099 0.973182 0.1
7.13071 4.21959 0 0 0.192205 0.133954 0.192205 0.1
7.08591 4.21088 0 0 0.714131 -0.456334 0.714131 0.1
7.13 4.24908 0 0 -0.866547 0.583338 -0.866547 0.1
7.12022 4.26059 0 0 -0.987732 -0.150956 -0.987732 0.1
7.08992 4.30652 0 0 0.978238 -0.550279 0.978238 0.1
7.12283 4.3554 0 0 0.993 0.58926 0.993 0.1
7.15927 4.41128 0 0 -0.916653 0.667072 -0.916653 0.1
7.1328 4.4458 0 0 -0.387501 -0.435027 -0.387501 0.1
7.08776 4.46418 0 0 -0.180438 -0.486411 -0.180438 0.1
6.99594 4.48093 0 0 -0.480242 -0.933408 -0.480242 0.1
6.95506 4.50223 0 0 -0.75632 -0.460954 -0.75632 0.1
6.89841 4.55567 0 0 0.802652 -0.778771 0.802652 0.1
6.96023 4.61967 0 0 0.869457 0.889765 0.869457 0.1
7.01434 4.68373 0 0 0.820784 0.838579 0.820784 0.1
7.06062 4.73341 0 0 -0.0568514 0.678989 -0.0568514 0.1
7.03336 4.73496 0 0 -0.243441 -0.273065 -0.243441 0.1
6.95626 4.75411 0 0 -0.213659 -0.794443 -0.213659 0.1
6.86163 4.77464 0 0 0.665302 -0.96831 0.665302 0.1
6.90819 4.81118 0 0 -0.981928 0.591883 -0.981928 0.1
6.85621 4.88902 0 0 0.911072 -0.936006 0.911072 0.1
6.89612 4.94047 0 0 -0.977739 0.651173 -0.977739 0.1
6.8454 5.01572 0 0 0.128192 -0.907467 0.128192 0.1
6.81656 5.012 0 0 -0.810679 -0.290785 -0.810679 0.1
6.78757 5.0425 0 0 -0.876675 -0.420764 -0.876675 0.1
6.77928 5.05246 0 0 -0.93109 -0.129602 -0.93109 0.1
6.75985 5.07856 0 0 -0.955661 -0.325379 -0.955661 0.1
6.73229 5.11757 0 0 0.332125 -0.477605 0.332125 0.1
6.73528 5.1186 0 0 -0.269782 0.0316343 -0.269782 0.1
6.65464 5.1409 0 0 0.920797 -0.83671 0.920797 0.1
6.64521 5.1285 0 0 0.98575 -0.155749 0.98575 0.1
6.68143 5.18317 0 0 0.990862 0.655803 0.990862 0.1
6.6983 5.20893 0 0 -0.997096 0.307882 -0.997096 0.1
6.66028 5.26776 0 0 0.140785 -0.700497 0.140785 0.1
6.6823 5.27088 0 0 0.523496 0.222404 0.523496 0.1
6.61241 5.23054 0 0 -0.940205 -0.806954 -0.940205 0.1
6.57561 5.28096 0 0 -0.993133 -0.62423 -0.993133 0.1
6.5349 5.34342 0 0 -0.97823 -0.745504 -0.97823 0.1
6.47933 5.42595 0 0 0.519795 -0.995001 0.519795 0.1
6.56395 5.47438 0 0 -0.959074 0.975061 -0.959074 0.1
6.53788 5.51155 0 0 -0.393782 -0.453992 -0.393782 0.1
6.47337 5.53835 0 0 -0.322621 -0.698594 -0.322621 0.1
6.41194 5.55889 0 0 -0.273664 -0.64772 -0.273664 0.1
6.45444 5.54696 0 0 -0.880666 0.441387 -0.880666 0.1
6.45542 5.54577 0 0 0.943134 0.0154485 0.943134 0.1
6.51164 5.62326 0 0 0.80394 0.957396 0.80394 0.1
6.56245 5.67599 0 0 0.732948 0.732261 0.732948 0.1
6.60795 5.71695 0 0 0.361825 0.612134 0.361825 0.1
6.55108 5.69542 0 0 -0.987339 -0.60809 -0.987339 0.1
6.53074 5.72622 0 0 -0.285889 -0.369092 -0.285889 0.1
6.4973 5.73605 0 0 0.892078 -0.348568 0.892078 0.1
6.55147 5.80322 0 0 0.00858376 0.862935 0.00858376 0.1
6.61943 5.80381 0 0 0.90967 0.679544 0.90967 0.1
6.66799 5.86623 0 0 0.439085 0.790879 0.439085 0.1
6.62293 5.84507 0 0 0.639382 -0.497787 0.639382 0.1
6.69741 5.90045 0 0 0.951173 0.928096 0.951173 0.1
6.70763 5.91478 0 0 -0.965818 0.176034 -0.965818 0.1
6.69466 5.93353 0 0 -0.965747 -0.227945 -0.965747 0.1
6.64076 6.01147 0 0 -0.236219 -0.947678 -0.236219 0.1
6.56306 6.03018 0 0 -0.922754 -0.799212 -0.922754 0.1
6.52676 6.07812 0 0 0.851895 -0.601348 0.851895 0.1
6.57914 6.13798 0 0 -0.897523 0.795403 -0.897523 0.1
6.56723 6.15291 0 0 -0.47445 -0.191066 -0.47445 0.1
6.53093 6.17155 0 0 0.203372 -0.408014 0.203372 0.1
6.62443 6.19083 0 0 -0.0153416 0.954607 -0.0153416 0.1
6.69296 6.18978 0 0 0.684367 0.685379 0.684367 0.1
6.76106 6.24535 0 0 -0.57472 0.878952 -0.57472 0.1
6.81294 6.21175 0 0 -0.856629 0.618112 -0.856629 0.1
6.79012 6.23808 0 0 0.983563 -0.348421 0.983563 0.1
6.82185 6.28575 0 0 0.384172 0.572622 0.384172 0.1
6.90213 6.3182 0 0 0.505557 0.865914 0.505557 0.1
6.9374 6.33772 0 0 0.535505 0.403142 0.535505 0.1
6.99925 6.37442 0 0 0.372861 0.719246 0.372861 0.1
7.08816 6.4092 0 0 -0.302566 0.954677 -0.302566 0.1
7.10124 6.40512 0 0 0.5266 0.136983 0.5266 0.1
7.03288 6.36538 0 0 -0.905104 -0.790658 -0.905104 0.1
7.04074 6.35537 0 0 -0.965643 0.127289 -0.965643 0.1
6.98594 6.43459 0 0 0.935122 -0.963289 0.935122 0.1
7.02532 6.48796 0 0 -0.417979 0.663243 -0.417979 0.1
7.06231 6.47154 0 0 -0.941052 0.404704 -0.941052 0.1
7.01073 6.54232 0 0 -0.833395 -0.875845 -0.833395 0.1
6.94888 6.6104 0 0 -0.986978 -0.919769 -0.986978 0.1
6.92674 6.64391 0 0 -0.963402 -0.401654 -0.963402 0.1
6.92006 6.65353 0 0 0.953476 -0.117128 0.953476 0.1
6.95513 6.70294 0 0 -0.689873 0.605932 -0.689873 0.1
6.9505 6.70676 0 0 -0.959311 -0.0600157 -0.959311 0.1
6.92051 6.74955 0 0 0.838145 -0.522553 0.838145 0.1
6.96451 6.79845 0.1 0.1 0.520825 0.657871 0.520825 0.1
7.02157 6.83119 6.9189e-310 6.9189e-310 0.520825 0.657871 0.520825 0.1
7.07864 6.86393 6.9189e-310 6.9189e-310 0.520825 0.657871 0.520825 0.1
7.1357 6.89666 0 0 0.520825 0.657871 0.520825 0.1
7.19276 6.9294 0 0 0.520825 0.657871 0.520825 0.1
7.24983 6.96213 0 0 0.520825 0.657871 0.520825 0.1
7.30689 6.99487 0 0 0.520825 0.657871 0.520825 0.1
7.36396 7.0276 0 0 0.520825 0.657871 0.520825 0.1
7.38037 7.03702 0 0 -0.934203 0.189232 -0.934203 0.1
7.39162 7.0218 0 0 -0.934203 0.189232 -0.934203 0.1
7.40287 7.00659 0 0 -0.934203 0.189232 -0.934203 0.1
7.41412 6.99137 0 0 -0.934203 0.189232 -0.934203 0.1
7.42537 6.97615 0 0 -0.934203 0.189232 -0.934203 0.1
7.36797 7.05379 4.67092e-310 4.67092e-310 0.40864 -0.965507 0.40864 0.1
7.27937 7.01543 0 0 0.40864 -0.965507 0.40864 0.1
7.36603 7.05295 0 0 0.602839 0.944315 0.602839 0.1
7.44381 7.10649 0 0 0.602839 0.944315 0.602839 0.1
7.5216 7.16003 0 0 0.602839 0.944315 0.602839 0.1
7.59529 7.21075 0 0 -0.866768 0.894606 -0.866768 0.1
7.64608 7.15094 0 0 0.93069 0.784691 0.93069 0.1
7.69295 7.21388 0 0 0.93069 0.784691 0.93069 0.1
7.73982 7.27681 0 0 0.93069 0.784691 0.93069 0.1
7.78669 7.33975 0 0 0.93069 0.784691 0.93069 0.1
7.83356 7.40268 0 0 0.93069 0.784691 0.93069 0.1
7.88042 7.46561 0 0 0.93069 0.784691 0.93069 0.1
7.92729 7.52855 0 0 0.93069 0.784691 0.93069 0.1
7.97416 7.59148 0 0 0.93069 0.784691 0.93069 0.1
8.02103 7.65442 0 0 0.93069 0.784691 0.93069 0.1
7.98448 7.60534 0 0 0.480719 -0.611966 0.480719 0.1
7.93263 7.5783 0 0 -0.655546 -0.584764 -0.655546 0.1
7.88627 7.61394 0 0 -0.655546 -0.584764 -0.655546 0.1
7.83992 7.64959 0 0 -0.655546 -0.584764 -0.655546 0.1
7.80763 7.67442 0 0 -0.5565 -0.40734 -0.5565 0.1
7.77304 7.69594 0 0 -0.5565 -0.40734 -0.5565 0.1
7.71211 7.73384 0 0 -0.988385 -0.717586 -0.988385 0.1
7.67264 7.79377 0 0 -0.988385 -0.717586 -0.988385 0.1
7.63317 7.8537 0 0 -0.988385 -0.717586 -0.988385 0.1
7.5937 7.91363 0 0 -0.988385 -0.717586 -0.988385 0.1
7.55423 7.97356 0 0 -0.988385 -0.717586 -0.988385 0.1
7.51476 8.03348 0 0 -0.988385 -0.717586 -0.988385 0.1
7.47529 8.09341 0 0 -0.988385 -0.717586 -0.988385 0.1
7.43582 8.15334 0 0 -0.988385 -0.717586 -0.988385 0.1
7.40934 8.19355 0 0 -0.850278 -0.481437 -0.850278 0.1
7.37757 8.22973 0 0 -0.850278 -0.481437 -0.850278 0.1
7.34581 8.2659 0 0 -0.850278 -0.481437 -0.850278 0.1
7.31404 8.30208 0 0 -0.850278 -0.481437 -0.850278 0.1
7.28228 8.33826 0 0 -0.850278 -0.481437 -0.850278 0.1
7.25052 8.37444 0 0 -0.850278 -0.481437 -0.850278 0.1
7.21875 8.41062 0 0 -0.850278 -0.481437 -0.850278 0.1
7.18699 8.44679 0 0 -0.850278 -0.481437 -0.850278 0.1
7.15523 8.48297 0 0 -0.850278 -0.481437 -0.850278 0.1
7.12346 8.51915 0 0 -0.850278 -0.481437 -0.850278 0.1
7.09768 8.54852 0 0 -0.983373 -0.390802 -0.983373 0.1
7.07602 8.58105 0 0 -0.983373 -0.390802 -0.983373 0.1
7.05436 8.61358 0 0 -0.983373 -0.390802 -0.983373 0.1
7.0327 8.64611 0 0 -0.983373 -0.390802 -0.983373 0.1
7.01104 8.67864 0 0 -0.983373 -0.390802 -0.983373 0.1
6.98938 8.71116 0 0 -0.983373 -0.390802 -0.983373 0.1
6.96772 8.74369 0 0 -0.983373 -0.390802 -0.983373 0.1
6.94606 8.77622 0 0 -0.983373 -0.390802 -0.983373 0.1
6.92441 8.80875 0 0 -0.983373 -0.390802 -0.983373 0.1
6.90647 8.83569 0 0 0.968117 -0.323649 0.968117 0.1
6.88812 8.80903 0 0 0.968117 -0.323649 0.968117 0.1
6.86978 8.78237 0 0 0.968117 -0.323649 0.968117 0.1
6.85143 8.7557 0 0 0.968117 -0.323649 0.968117 0.1
6.83308 8.72904 0 0 0.968117 -0.323649 0.968117 0.1
6.81474 8.70238 0 0 0.968117 -0.323649 0.968117 0.1
6.79639 8.67571 0 0 0.968117 -0.323649 0.968117 0.1
6.77805 8.64905 0 0 0.968117 -0.323649 0.968117 0.1
6.7597 8.62239 0 0 0.968117 -0.323649 0.968117 0.1
6.74135 8.59573 0 0 0.968117 -0.323649 0.968117 0.1
6.71625 8.55924 0 0 0.220636 -0.442845 0.220636 0.1
6.67304 8.54955 0 0 0.220636 -0.442845 0.220636 0.1
6.62983 8.53986 0 0 0.220636 -0.442845 0.220636 0.1
6.58662 8.53017 0 0 0.220636 -0.442845 0.220636 0.1
6.54341 8.52048 0 0 0.220636 -0.442845 0.220636 0.1
6.5002 8.51079 0 0 0.220636 -0.442845 0.220636 0.1
6.45698 8.50109 0 0 0.220636 -0.442845 0.220636 0.1
6.41377 8.4914 0 0 0.220636 -0.442845 0.220636 0.1
6.37056 8.48171 0 0 0.220636 -0.442845 0.220636 0.1
6.32735 8.47202 0 0 0.220636 -0.442845 0.220636 0.1
6.29969 8.46581 0 0 -0.742675 -0.283481 -0.742675 0.1
6.27881 8.48499 0 0 -0.742675 -0.283481 -0.742675 0.1
6.25792 8.50416 0 0 -0.742675 -0.283481 -0.742675 0.1
6.23704 8.52333 0 0 -0.742675 -0.283481 -0.742675 0.1
6.21616 8.5425 0 0 -0.742675 -0.283481 -0.742675 0.1
6.19528 8.56167 0 0 -0.742675 -0.283481 -0.742675 0.1
6.17439 8.58084 0 0 -0.742675 -0.283481 -0.742675 0.1
6.15351 8.60001 0 0 -0.742675 -0.283481 -0.742675 0.1
6.13263 8.61918 0 0 -0.742675 -0.283481 -0.742675 0.1
6.08338 8.66439 0 0 0.63518 -0.66854 0.63518 0.1
6.02956 8.62472 0 0 0.63518 -0.66854 0.63518 0.1
5.97575 8.58506 0 0 0.63518 -0.66854 0.63518 0.1
5.92193 8.54539 0 0 0.63518 -0.66854 0.63518 0.1
5.86812 8.50573 0 0 0.63518 -0.66854 0.63518 0.1
5.8143 8.46606 0 0 0.63518 -0.66854 0.63518 0.1
5.76587 8.43036 0 0 0.856726 -0.601661 0.856726 0.1
5.72647 8.38489 0 0 0.856726 -0.601661 0.856726 0.1
5.68706 8.33943 0 0 0.856726 -0.601661 0.856726 0.1
5.64766 8.29396 0 0 0.856726 -0.601661 0.856726 0.1
5.60826 8.24849 0 0 0.856726 -0.601661 0.856726 0.1
5.56885 8.20302 0 0 0.856726 -0.601661 0.856726 0.1
5.53213 8.16065 0 0 -0.940546 -0.56077 -0.940546 0.1
5.50192 8.20205 0 0 0.879841 -0.512494 0.879841 0.1
5.46926 8.16256 0 0 0.879841 -0.512494 0.879841 0.1
5.4366 8.12306 0 0 0.879841 -0.512494 0.879841 0.1
5.40394 8.08357 0 0 0.879841 -0.512494 0.879841 0.1
5.37128 8.04407 0 0 0.879841 -0.512494 0.879841 0.1
5.33862 8.00458 0 0 0.879841 -0.512494 0.879841 0.1
5.30596 7.96508 0 0 0.879841 -0.512494 0.879841 0.1
5.2733 7.92559 0 0 0.879841 -0.512494 0.879841 0.1
5.24064 7.88609 0 0 0.879841 -0.512494 0.879841 0.1
5.20798 7.8466 0 0 0.879841 -0.512494 0.879841 0.1
5.15382 7.7811 0 0 -0.995997 -0.84997 -0.995997 0.1
5.10938 7.8497 0 0 0.159349 -0.817411 0.159349 0.1
5.02867 7.83673 0 0 0.159349 -0.817411 0.159349 0.1
4.94797 7.82376 0 0 0.159349 -0.817411 0.159349 0.1
4.86726 7.81079 0 0 0.159349 -0.817411 0.159349 0.1
4.78655 7.79782 0 0 0.159349 -0.817411 0.159349 0.1
4.70585 7.78485 0 0 0.159349 -0.817411 0.159349 0.1
4.62514 7.77188 0 0 0.159349 -0.817411 0.159349 0.1
4.59148 7.76647 0 0 -0.50308 -0.340956 -0.50308 0.1
4.56161 7.78291 0 0 -0.50308 -0.340956 -0.50308 0.1
4.53174 7.79935 0 0 -0.50308 -0.340956 -0.50308 0.1
4.50187 7.81578 0 0 -0.50308 -0.340956 -0.50308 0.1
4.472 7.83222 0 0 -0.50308 -0.340956 -0.50308 0.1
4.3962 7.87393 4.67092e-310 4.67092e-310 0.995562 -0.865165 0.995562 0.1
4.34913 7.80134 0 0 0.995562 -0.865165 0.995562 0.1
4.30206 7.72875 0 0 0.995562 -0.865165 0.995562 0.1
4.255 7.65616 0 0 0.995562 -0.865165 0.995562 0.1
4.20793 7.58356 0 0 0.995562 -0.865165 0.995562 0.1
4.16086 7.51097 0 0 0.995562 -0.865165 0.995562 0.1
4.18431 7.54714 0 0 -0.704366 0.431064 -0.704366 0.1
4.13208 7.59152 0 0 0.356133 -0.685435 0.356133 0.1
4.06784 7.56763 0 0 0.356133 -0.685435 0.356133 0.1
4.00359 7.54373 0 0 0.356133 -0.685435 0.356133 0.1
3.93935 7.51983 0 0 0.356133 -0.685435 0.356133 0.1
3.87511 7.49593 0 0 0.356133 -0.685435 0.356133 0.1
3.81087 7.47204 0 0 0.356133 -0.685435 0.356133 0.1
3.74662 7.44814 0 0 0.356133 -0.685435 0.356133 0.1
3.68238 7.42424 0 0 0.356133 -0.685435 0.356133 0.1
3.61814 7.40034 0 0 0.356133 -0.685435 0.356133 0.1
3.5539 7.37644 0 0 0.356133 -0.685435 0.356133 0.1
3.56016 7.37877 0 0 -0.955211 0.0667971 -0.955211 0.1
3.52023 7.43522 0 0 -0.562489 -0.691402 -0.562489 0.1
3.46174 7.47209 0 0 -0.562489 -0.691402 -0.562489 0.1
3.40326 7.50897 0 0 -0.562489 -0.691402 -0.562489 0.1
3.34477 7.54584 0 0 -0.562489 -0.691402 -0.562489 0.1
3.28628 7.58271 0.1 0.1 -0.562489 -0.691402 -0.562489 0.1
3.22779 7.61958 0.1 0.1 -0.562489 -0.691402 -0.562489 0.1
3.16931 7.65645 0 0 -0.562489 -0.691402 -0.562489 0.1
3.0886 7.70733 0.1 0.1 0.801809 -0.954031 0.801809 0.1
3.02226 7.63877 0 0 0.801809 -0.954031 0.801809 0.1
2.95591 7.57021 0 0 0.801809 -0.954031 0.801809 0.1
2.88957 7.50166 0 0 0.801809 -0.954031 0.801809 0.1
2.82323 7.4331 0 0 0.801809 -0.954031 0.801809 0.1
2.75688 7.36454 0 0 0.801809 -0.954031 0.801809 0.1
2.69054 7.29598 0 0 0.801809 -0.954031 0.801809 0.1
2.62419 7.22742 0 0 0.801809 -0.954031 0.801809 0.1
2.55785 7.15887 0 0 0.801809 -0.954031 0.801809 0.1
2.4915 7.09031 0 0 0.801809 -0.954031 0.801809 0.1
2.44446 7.04169 0 0 0.987804 -0.676561 0.987804 0.1
2.40721 6.98521 0 0 0.987804 -0.676561 0.987804 0.1
2.36996 6.92873 0 0 0.987804 -0.676561 0.987804 0.1
2.33272 6.87225 0 0 0.987804 -0.676561 0.987804 0.1
2.29547 6.81577 0 0 0.987804 -0.676561 0.987804 0.1
2.25822 6.75929 0 0 0.987804 -0.676561 0.987804 0.1
2.22098 6.70281 0 0 0.987804 -0.676561 0.987804 0.1
2.18373 6.64632 0 0 0.987804 -0.676561 0.987804 0.1
2.14945 6.59434 0 0 -0.470716 -0.622707 -0.470716 0.1
2.09395 6.62258 0 0 -0.470716 -0.622707 -0.470716 0.1
2.03845 6.65082 0 0 -0.470716 -0.622707 -0.470716 0.1
1.98295 6.67906 0 0 -0.470716 -0.622707 -0.470716 0.1
1.92746 6.70731 0 0 -0.470716 -0.622707 -0.470716 0.1
1.87196 6.73555 0 0 -0.470716 -0.622707 -0.470716 0.1
1.81646 6.76379 0 0 -0.470716 -0.622707 -0.470716 0.1
1.76096 6.79203 0 0 -0.470716 -0.622707 -0.470716 0.1
1.70546 6.82027 0 0 -0.470716 -0.622707 -0.470716 0.1
1.64996 6.84851 0 0 -0.470716 -0.622707 -0.470716 0.1
1.62465 6.86139 0 0 0.841086 -0.284026 0.841086 0.1
1.60572 6.84022 0 0 0.841086 -0.284026 0.841086 0.1
1.58678 6.81905 0 0 0.841086 -0.284026 0.841086 0.1
1.56785 6.79788 0 0 0.841086 -0.284026 0.841086 0.1
1.54891 6.77671 0 0 0.841086 -0.284026 0.841086 0.1
1.52998 6.75554 0 0 0.841086 -0.284026 0.841086 0.1
1.50321 6.72561 0 0 -0.566285 -0.40151 -0.566285 0.1
1.46933 6.74715 0 0 -0.566285 -0.40151 -0.566285 0.1
1.43544 6.7687 0 0 -0.566285 -0.40151 -0.566285 0.1
1.40156 6.79024 0 0 -0.566285 -0.40151 -0.566285 0.1
1.36768 6.81178 0 0 -0.566285 -0.40151 -0.566285 0.1
1.33379 6.83332 0 0 -0.566285 -0.40151 -0.566285 0.1
1.29991 6.85486 0 0 -0.566285 -0.40151 -0.566285 0.1
1.26603 6.8764 0 0 -0.566285 -0.40151 -0.566285 0.1
1.23281 6.89752 0 0 -0.661919 -0.393576 -0.661919 0.1
1.20177 6.92171 0 0 -0.661919 -0.393576 -0.661919 0.1
1.17072 6.9459 0 0 -0.661919 -0.393576 -0.661919 0.1
1.13968 6.97009 0 0 -0.661919 -0.393576 -0.661919 0.1
1.10863 6.99428 0 0 -0.661919 -0.393576 -0.661919 0.1
1.07758 7.01847 0 0 -0.661919 -0.393576 -0.661919 0.1
1.04654 7.04266 0 0 -0.661919 -0.393576 -0.661919 0.1
0.968202 7.1037 0 0 -0.932251 -0.993084 -0.932251 0.1
0.909011 7.18344 0 0 -0.932251 -0.993084 -0.932251 0.1
0.849821 7.26318 0 0 -0.932251 -0.993084 -0.932251 0.1
0.79063 7.34292 0 0 -0.932251 -0.993084 -0.932251 0.1
0.731439 7.42266 0 0 -0.932251 -0.993084 -0.932251 0.1
0.672249 7.5024 0 0 -0.932251 -0.993084 -0.932251 0.1
0.630194 7.55906 0 0 -0.501964 -0.705585 -0.501964 0.1
0.56834 7.59301 0 0 -0.501964 -0.705585 -0.501964 0.1
0.506485 7.62696 0 0 -0.501964 -0.705585 -0.501964 0.1
0.444631 7.66091 0 0 -0.501964 -0.705585 -0.501964 0.1
0.382777 7.69486 0 0 -0.501964 -0.705585 -0.501964 0.1
0.320922 7.7288 0 0 -0.501964 -0.705585 -0.501964 0.1
0.259068 7.76275 0 0 -0.501964 -0.705585 -0.501964 0.1
0.197214 7.7967 0 0 -0.501964 -0.705585 -0.501964 0.1
0.135359 7.83065 0 0 -0.501964 -0.705585 -0.501964 0.1
0.0735049 7.8646 0 0 -0.501964 -0.705585 -0.501964 0.1
0.132278 7.83234 0 0 0.983698 0.670434 0.983698 0.1
0.169416 7.88816 0 0 0.983698 0.670434 0.983698 0.1
0.206555 7.94398 0 0 0.983698 0.670434 0.983698 0.1
0.243693 7.99979 0 0 0.983698 0.670434 0.983698 0.1
0.280832 8.05561 0 0 0.983698 0.670434 0.983698 0.1
0.31797 8.11143 0 0 0.983698 0.670434 0.983698 0.1
0.269293 8.03827 0 0 -0.848484 -0.87874 -0.848484 0.1
0.211197 8.1042 0 0 -0.848484 -0.87874 -0.848484 0.1
0.153102 8.17013 0 0 -0.848484 -0.87874 -0.848484 0.1
0.0950068 8.23606 0 0 -0.848484 -0.87874 -0.848484 0.1
0.0369114 8.30199 0 0 -0.848484 -0.87874 -0.848484 0.1
0.0812339 8.25169 4.67092e-310 4.67092e-310 0.898477 0.670415 0.898477 0.1
0.122988 8.30414 0 0 0.898477 0.670415 0.898477 0.1
0.164741 8.35659 0 0 0.898477 0.670415 0.898477 0.1
0.206495 8.40904 0 0 0.898477 0.670415 0.898477 0.1
0.248248 8.4615 0 0 0.898477 0.670415 0.898477 0.1
0.290002 8.51395 0 0 0.898477 0.670415 0.898477 0.1
0.331755 8.5664 0 0 0.898477 0.670415 0.898477 0.1
0.37443 8.62001 0 0 0.970151 0.6852 0.970151 0.1
0.413156 8.67654 0 0 0.970151 0.6852 0.970151 0.1
0.451881 8.73306 0 0 0.970151 0.6852 0.970151 0.1
0.490607 8.78959 0 0 0.970151 0.6852 0.970151 0.1
0.462677 8.74882 0 0 0.976455 -0.494184 0.976455 0.1
0.435005 8.70788 0 0 0.976455 -0.494184 0.976455 0.1
0.407332 8.66693 0 0 0.976455 -0.494184 0.976455 0.1
0.37966 8.62599 0 0 0.976455 -0.494184 0.976455 0.1
0.351987 8.58504 0 0 0.976455 -0.494184 0.976455 0.1
0.398208 8.65343 4.67092e-310 4.67092e-310 -0.370847 0.825429 -0.370847 0.1
0.47514 8.62352 0 0 -0.370847 0.825429 -0.370847 0.1
0.552072 8.59361 0 0 -0.370847 0.825429 -0.370847 0.1
0.620602 8.56696 0 0 0.851692 0.735288 0.851692 0.1
0.669036 8.62228 0 0 0.851692 0.735288 0.851692 0.1
0.71747 8.6776 0 0 0.851692 0.735288 0.851692 0.1
